100
1) [ 18 8 9 22 15 10 25 5 20 0 21 31 19 17 13 7 0 12 1 16 26 30 0 14 24 27 0 6 2 3 23 28 4 11 29 -1 ] [ 797 -0 ] [ 0 0 ] # 0 # 0 - 
2) [ 8 9 22 15 29 10 25 5 20 0 21 31 19 17 13 7 0 30 26 16 1 12 0 27 24 14 0 18 11 4 28 23 2 3 6 -1 ] [ 800 -0 ] [ 0 0 ] # 0 # 0 - 
3) [ 8 9 22 15 29 10 25 5 20 0 21 31 19 17 13 7 0 30 26 16 1 12 0 27 24 14 0 6 2 3 23 28 4 11 18 -1 ] [ 800 -0 ] [ 0 0 ] # 0 # 0 - 
4) [ 8 9 22 15 29 10 25 5 20 0 21 31 19 17 13 7 0 30 26 16 1 12 0 27 24 14 0 6 2 3 23 28 4 11 18 -1 ] [ 800 -0 ] [ 0 0 ] # 0 # 0 - 
5) [ 8 9 22 15 29 10 25 5 20 0 21 31 19 17 13 7 0 26 16 1 12 30 0 27 24 14 0 18 11 4 28 23 2 3 6 -1 ] [ 800 -0 ] [ 0 0 ] # 0 # 0 - 
6) [ 8 9 22 15 29 10 25 5 20 0 21 31 19 17 13 7 0 30 26 16 1 12 0 14 24 27 0 18 11 4 28 23 3 2 6 -1 ] [ 800 -0 ] [ 0 0 ] # 0 # 0 - 
7) [ 8 9 22 15 29 10 25 5 20 0 21 31 19 17 13 7 0 30 12 1 16 26 0 27 24 14 0 6 3 2 23 28 4 11 18 -1 ] [ 800 -0 ] [ 0 0 ] # 0 # 0 - 
8) [ 20 5 25 10 15 9 22 29 0 6 17 19 31 21 13 26 0 12 1 7 16 30 0 27 24 14 0 18 8 11 4 28 23 3 2 -1 ] [ 801 -0 ] [ 0 0 ] # 0 # 0 - 
9) [ 20 5 25 10 15 9 22 29 0 6 17 19 31 21 13 26 0 30 16 7 1 12 0 27 24 14 0 18 8 11 4 28 23 2 3 -1 ] [ 801 -0 ] [ 0 0 ] # 0 # 0 - 
10) [ 20 5 25 10 15 9 22 29 0 26 13 21 31 19 17 6 0 12 1 7 16 30 0 27 24 14 0 18 8 11 4 28 23 3 2 -1 ] [ 801 -0 ] [ 0 0 ] # 0 # 0 - 
11) [ 29 22 9 15 10 25 5 20 0 26 13 21 31 19 17 6 0 12 1 7 16 30 0 27 24 14 0 2 3 23 28 4 11 8 18 -1 ] [ 801 -0 ] [ 0 0 ] # 0 # 0 - 
12) [ 29 22 9 15 10 25 5 20 0 6 17 19 31 21 13 26 0 12 1 7 16 30 0 27 24 14 0 18 8 11 4 28 23 3 2 -1 ] [ 801 -0 ] [ 0 0 ] # 0 # 0 - 
13) [ 20 5 25 10 15 9 22 29 0 6 17 19 31 21 13 26 0 30 16 7 1 12 0 14 24 27 0 18 8 11 4 28 23 3 2 -1 ] [ 801 -0 ] [ 0 0 ] # 0 # 0 - 
14) [ 20 5 25 10 15 9 22 29 0 26 13 21 31 19 17 6 0 30 16 7 1 12 0 27 24 14 0 18 8 11 4 28 23 3 2 -1 ] [ 801 -0 ] [ 0 0 ] # 0 # 0 - 
15) [ 20 5 25 10 15 9 22 29 0 26 13 21 31 19 17 6 0 12 1 7 16 30 0 14 24 27 0 18 8 11 4 28 23 2 3 -1 ] [ 801 -0 ] [ 0 0 ] # 0 # 0 - 
16) [ 20 5 25 10 15 9 22 29 0 6 17 19 31 21 13 26 0 30 16 7 1 12 0 27 24 14 0 18 8 11 4 28 23 2 3 -1 ] [ 801 -0 ] [ 0 0 ] # 0 # 0 - 
17) [ 29 22 9 15 10 25 5 20 0 6 17 19 31 21 13 26 0 12 1 7 16 30 0 14 24 27 0 18 8 11 4 28 23 3 2 -1 ] [ 801 -0 ] [ 0 0 ] # 0 # 0 - 
18) [ 20 5 25 10 15 9 22 29 0 26 13 21 31 19 17 6 0 30 16 7 1 12 0 14 24 27 0 18 8 11 4 28 23 2 3 -1 ] [ 801 -0 ] [ 0 0 ] # 0 # 0 - 
19) [ 29 22 9 15 10 25 5 20 0 26 13 21 31 19 17 6 0 12 1 7 16 30 0 27 24 14 0 18 8 11 4 28 23 2 3 -1 ] [ 801 -0 ] [ 0 0 ] # 0 # 0 - 
20) [ 29 22 9 15 10 25 5 20 0 6 17 19 31 21 13 26 0 12 1 7 16 30 0 27 24 14 0 18 8 11 4 28 23 2 3 -1 ] [ 801 -0 ] [ 0 0 ] # 0 # 0 - 
21) [ 29 22 9 15 10 25 5 20 0 6 17 19 31 21 13 26 0 12 1 7 16 30 0 27 24 14 0 18 8 11 4 28 23 2 3 -1 ] [ 801 -0 ] [ 0 0 ] # 0 # 0 - 
22) [ 29 22 9 15 10 25 5 20 0 26 13 21 31 19 17 6 0 12 1 7 16 30 0 14 24 27 0 2 3 23 28 4 11 8 18 -1 ] [ 801 -0 ] [ 0 0 ] # 0 # 0 - 
23) [ 29 22 9 15 10 25 5 20 0 6 17 19 31 21 13 26 0 30 16 7 1 12 0 27 24 14 0 18 8 11 4 28 23 2 3 -1 ] [ 801 -0 ] [ 0 0 ] # 0 # 0 - 
24) [ 29 22 9 15 10 25 5 20 0 6 17 19 31 21 13 26 0 30 16 7 1 12 0 27 24 14 0 18 8 11 4 28 23 2 3 -1 ] [ 801 -0 ] [ 0 0 ] # 0 # 0 - 
25) [ 20 5 25 10 15 9 22 29 0 26 13 21 31 19 17 6 0 12 1 7 16 30 0 14 24 27 0 18 8 11 4 28 23 3 2 -1 ] [ 801 -0 ] [ 0 0 ] # 0 # 0 - 
26) [ 29 22 9 15 10 25 5 20 0 26 13 21 31 19 17 6 0 30 16 7 1 12 0 27 24 14 0 3 2 23 28 4 11 8 18 -1 ] [ 801 -0 ] [ 0 0 ] # 0 # 0 - 
27) [ 29 22 9 15 10 25 5 20 0 6 17 19 31 21 13 26 0 12 1 7 16 30 0 14 24 27 0 18 8 11 4 28 23 3 2 -1 ] [ 801 -0 ] [ 0 0 ] # 0 # 0 - 
28) [ 20 5 25 10 15 9 22 29 0 6 17 19 31 21 13 26 0 30 16 7 1 12 0 27 24 14 0 2 3 23 28 4 11 8 18 -1 ] [ 801 -0 ] [ 0 0 ] # 0 # 0 - 
29) [ 29 22 9 15 10 25 5 20 0 6 17 19 31 21 13 26 0 12 1 7 16 30 0 14 24 27 0 18 8 11 4 28 23 3 2 -1 ] [ 801 -0 ] [ 0 0 ] # 0 # 0 - 
30) [ 29 22 9 15 10 25 5 20 0 6 17 19 31 21 13 26 0 30 16 7 1 12 0 27 24 14 0 18 8 11 4 28 23 2 3 -1 ] [ 801 -0 ] [ 0 0 ] # 0 # 0 - 
31) [ 29 22 9 15 10 25 5 20 0 26 13 21 31 19 17 6 0 12 1 7 16 30 0 27 24 14 0 18 8 11 4 28 23 2 3 -1 ] [ 801 -0 ] [ 0 0 ] # 0 # 0 - 
32) [ 29 22 9 15 10 25 5 20 0 26 13 21 31 19 17 6 0 12 1 7 16 30 0 27 24 14 0 18 8 11 4 28 23 3 2 -1 ] [ 801 -0 ] [ 0 0 ] # 0 # 0 - 
33) [ 20 5 25 10 15 9 22 29 0 26 13 21 31 19 17 6 0 30 16 7 1 12 0 27 24 14 0 18 8 11 4 28 23 2 3 -1 ] [ 801 -0 ] [ 0 0 ] # 0 # 0 - 
34) [ 20 5 25 10 15 9 22 29 0 6 17 19 31 21 13 26 0 30 16 7 1 12 0 27 24 14 0 18 8 11 4 28 23 3 2 -1 ] [ 801 -0 ] [ 0 0 ] # 0 # 0 - 
35) [ 20 5 25 10 15 9 22 29 0 6 17 19 31 21 13 26 0 12 1 7 16 30 0 27 24 14 0 3 2 23 28 4 11 8 18 -1 ] [ 801 -0 ] [ 0 0 ] # 0 # 0 - 
36) [ 29 22 9 15 10 25 5 20 0 26 13 21 31 19 17 6 0 12 1 7 16 30 0 14 24 27 0 18 8 11 4 28 23 2 3 -1 ] [ 801 -0 ] [ 0 0 ] # 0 # 0 - 
37) [ 29 22 9 15 10 25 5 20 0 6 17 19 31 21 13 26 0 12 1 7 16 30 0 27 24 14 0 18 8 11 4 28 23 3 2 -1 ] [ 801 -0 ] [ 0 0 ] # 0 # 0 - 
38) [ 20 5 25 10 15 9 22 29 0 26 13 21 31 19 17 6 0 30 16 7 1 12 0 27 24 14 0 18 8 11 4 28 23 3 2 -1 ] [ 801 -0 ] [ 0 0 ] # 0 # 0 - 
39) [ 20 5 25 10 15 9 22 29 0 6 17 19 31 21 13 26 0 12 1 7 16 30 0 14 24 27 0 18 8 11 4 28 23 2 3 -1 ] [ 801 -0 ] [ 0 0 ] # 0 # 0 - 
40) [ 20 5 25 10 15 9 22 29 0 6 17 19 31 21 13 26 0 12 1 7 16 30 0 14 24 27 0 18 8 11 4 28 23 3 2 -1 ] [ 801 -0 ] [ 0 0 ] # 0 # 0 - 
41) [ 29 22 9 15 10 25 5 20 0 26 13 21 31 19 17 6 0 12 1 7 16 30 0 14 24 27 0 18 8 11 4 28 23 2 3 -1 ] [ 801 -0 ] [ 0 0 ] # 0 # 0 - 
42) [ 29 22 9 15 10 25 5 20 0 6 17 19 31 21 13 26 0 12 1 7 16 30 0 27 24 14 0 3 2 23 28 4 11 8 18 -1 ] [ 801 -0 ] [ 0 0 ] # 0 # 0 - 
43) [ 29 22 9 15 10 25 5 20 0 6 17 19 31 21 13 26 0 12 1 7 16 30 0 14 24 27 0 2 3 23 28 4 11 8 18 -1 ] [ 801 -0 ] [ 0 0 ] # 0 # 0 - 
44) [ 29 22 9 15 10 25 5 20 0 26 13 21 31 19 17 6 0 12 1 7 16 30 0 14 24 27 0 18 8 11 4 28 23 2 3 -1 ] [ 801 -0 ] [ 0 0 ] # 0 # 0 - 
45) [ 29 22 9 15 10 25 5 20 0 6 17 19 31 21 13 26 0 12 1 7 16 30 0 14 24 27 0 18 8 11 4 28 23 2 3 -1 ] [ 801 -0 ] [ 0 0 ] # 0 # 0 - 
46) [ 29 22 9 15 10 25 5 20 0 26 13 21 31 19 17 6 0 12 1 7 16 30 0 27 24 14 0 18 8 11 4 28 23 3 2 -1 ] [ 801 -0 ] [ 0 0 ] # 0 # 0 - 
47) [ 29 22 9 15 10 25 5 20 0 26 13 21 31 19 17 6 0 12 1 7 16 30 0 27 24 14 0 18 8 11 4 28 23 3 2 -1 ] [ 801 -0 ] [ 0 0 ] # 0 # 0 - 
48) [ 29 22 9 15 10 25 5 20 0 6 17 19 31 21 13 26 0 30 16 7 1 12 0 27 24 14 0 18 8 11 4 28 23 2 3 -1 ] [ 801 -0 ] [ 0 0 ] # 0 # 0 - 
49) [ 29 22 9 15 10 25 5 20 0 6 17 19 31 21 13 26 0 12 1 7 16 30 0 14 24 27 0 18 8 11 4 28 23 3 2 -1 ] [ 801 -0 ] [ 0 0 ] # 0 # 0 - 
50) [ 29 22 9 15 10 25 5 20 0 26 13 21 31 19 17 6 0 12 1 7 16 30 0 27 24 14 0 18 8 11 4 28 23 3 2 -1 ] [ 801 -0 ] [ 0 0 ] # 0 # 0 - 
51) [ 29 22 9 15 10 25 5 20 0 6 17 19 31 21 13 26 0 30 16 7 1 12 0 14 24 27 0 3 2 23 28 4 11 8 18 -1 ] [ 801 -0 ] [ 0 0 ] # 0 # 0 - 
52) [ 20 5 25 10 15 9 22 29 0 6 17 19 31 21 13 26 0 30 16 7 1 12 0 27 24 14 0 18 8 11 4 28 23 2 3 -1 ] [ 801 -0 ] [ 0 0 ] # 0 # 0 - 
53) [ 20 5 25 10 15 9 22 29 0 6 17 19 31 21 13 26 0 30 16 7 1 12 0 27 24 14 0 18 8 11 4 28 23 2 3 -1 ] [ 801 -0 ] [ 0 0 ] # 0 # 0 - 
54) [ 29 22 9 15 10 25 5 20 0 30 16 7 1 12 0 6 17 19 31 21 13 26 0 27 24 14 0 3 2 23 28 4 11 8 18 -1 ] [ 801 -0 ] [ 0 0 ] # 0 # 0 - 
55) [ 20 5 25 10 15 9 22 29 0 26 13 21 31 19 17 6 0 12 1 7 16 30 0 27 24 14 0 18 8 11 4 28 23 3 2 -1 ] [ 801 -0 ] [ 0 0 ] # 0 # 0 - 
56) [ 29 22 9 15 10 25 5 20 0 6 17 19 31 21 13 26 0 30 16 7 1 12 0 14 24 27 0 18 8 11 4 28 23 3 2 -1 ] [ 801 -0 ] [ 0 0 ] # 0 # 0 - 
57) [ 29 22 9 15 10 25 5 20 0 6 17 19 31 21 13 26 0 12 1 7 16 30 0 27 24 14 0 18 8 11 4 28 23 3 2 -1 ] [ 801 -0 ] [ 0 0 ] # 0 # 0 - 
58) [ 20 5 25 10 15 9 22 29 0 6 17 19 31 21 13 26 0 30 16 7 1 12 0 14 24 27 0 18 8 11 4 28 23 3 2 -1 ] [ 801 -0 ] [ 0 0 ] # 0 # 0 - 
59) [ 29 22 9 15 10 25 5 20 0 26 13 21 31 19 17 6 0 12 1 7 16 30 0 14 24 27 0 3 2 23 28 4 11 8 18 -1 ] [ 801 -0 ] [ 0 0 ] # 0 # 0 - 
60) [ 29 22 9 15 10 25 5 20 0 6 17 19 31 21 13 26 0 30 16 7 1 12 0 27 24 14 0 18 8 11 4 28 23 3 2 -1 ] [ 801 -0 ] [ 0 0 ] # 0 # 0 - 
61) [ 29 22 9 15 10 25 5 20 0 6 17 19 31 21 13 26 0 12 1 7 16 30 0 27 24 14 0 18 8 11 4 28 23 3 2 -1 ] [ 801 -0 ] [ 0 0 ] # 0 # 0 - 
62) [ 29 22 9 15 10 25 5 20 0 26 13 21 31 19 17 6 0 12 1 7 16 30 0 14 24 27 0 18 8 11 4 28 23 3 2 -1 ] [ 801 -0 ] [ 0 0 ] # 0 # 0 - 
63) [ 20 5 25 10 15 9 22 29 0 26 13 21 31 19 17 6 0 12 1 7 16 30 0 27 24 14 0 2 3 23 28 4 11 8 18 -1 ] [ 801 -0 ] [ 0 0 ] # 0 # 0 - 
64) [ 29 22 9 15 10 25 5 20 0 26 13 21 31 19 17 6 0 30 16 7 1 12 0 27 24 14 0 3 2 23 28 4 11 8 18 -1 ] [ 801 -0 ] [ 0 0 ] # 0 # 0 - 
65) [ 29 22 9 15 10 25 5 20 0 6 17 19 31 21 13 26 0 30 16 7 1 12 0 27 24 14 0 2 3 23 28 4 11 8 18 -1 ] [ 801 -0 ] [ 0 0 ] # 0 # 0 - 
66) [ 29 22 9 15 10 25 5 20 0 6 17 19 31 21 13 26 0 30 16 7 1 12 0 14 24 27 0 3 2 23 28 4 11 8 18 -1 ] [ 801 -0 ] [ 0 0 ] # 0 # 0 - 
67) [ 29 22 9 15 10 25 5 20 0 26 13 21 31 19 17 6 0 12 1 7 16 30 0 27 24 14 0 2 3 23 28 4 11 8 18 -1 ] [ 801 -0 ] [ 0 0 ] # 0 # 0 - 
68) [ 20 5 25 10 15 9 22 29 0 26 13 21 31 19 17 6 0 30 16 7 1 12 0 27 24 14 0 3 2 23 28 4 11 8 18 -1 ] [ 801 -0 ] [ 0 0 ] # 0 # 0 - 
69) [ 29 22 9 15 10 25 5 20 0 6 17 19 31 21 13 26 0 12 1 7 16 30 0 27 24 14 0 18 8 11 4 28 23 2 3 -1 ] [ 801 -0 ] [ 0 0 ] # 0 # 0 - 
70) [ 20 5 25 10 15 9 22 29 0 26 13 21 31 19 17 6 0 12 1 7 16 30 0 27 24 14 0 18 8 11 4 28 23 2 3 -1 ] [ 801 -0 ] [ 0 0 ] # 0 # 0 - 
71) [ 29 22 9 15 10 25 5 20 0 6 17 19 31 21 13 26 0 12 1 7 16 30 0 27 24 14 0 18 8 11 4 28 23 3 2 -1 ] [ 801 -0 ] [ 0 0 ] # 0 # 0 - 
72) [ 29 22 9 15 10 25 5 20 0 26 13 21 31 19 17 6 0 30 16 7 1 12 0 27 24 14 0 2 3 23 28 4 11 8 18 -1 ] [ 801 -0 ] [ 0 0 ] # 0 # 0 - 
73) [ 29 22 9 15 10 25 5 20 0 6 17 19 31 21 13 26 0 30 16 7 1 12 0 14 24 27 0 18 8 11 4 28 23 3 2 -1 ] [ 801 -0 ] [ 0 0 ] # 0 # 0 - 
74) [ 29 22 9 15 10 25 5 20 0 6 17 19 31 21 13 26 0 12 1 7 16 30 0 14 24 27 0 3 2 23 28 4 11 8 18 -1 ] [ 801 -0 ] [ 0 0 ] # 0 # 0 - 
75) [ 20 5 25 10 15 9 22 29 0 26 13 21 31 19 17 6 0 12 1 7 16 30 0 14 24 27 0 18 8 11 4 28 23 2 3 -1 ] [ 801 -0 ] [ 0 0 ] # 0 # 0 - 
76) [ 29 22 9 15 10 25 5 20 0 26 13 21 31 19 17 6 0 30 16 7 1 12 0 14 24 27 0 2 3 23 28 4 11 8 18 -1 ] [ 801 -0 ] [ 0 0 ] # 0 # 0 - 
77) [ 29 22 9 15 10 25 5 20 0 26 13 21 31 19 17 6 0 12 1 7 16 30 0 27 24 14 0 18 8 11 4 28 23 2 3 -1 ] [ 801 -0 ] [ 0 0 ] # 0 # 0 - 
78) [ 29 22 9 15 10 25 5 20 0 26 13 21 31 19 17 6 0 30 16 7 1 12 0 27 24 14 0 18 8 11 4 28 23 2 3 -1 ] [ 801 -0 ] [ 0 0 ] # 0 # 0 - 
79) [ 29 22 9 15 10 25 5 20 0 6 17 19 31 21 13 26 0 12 1 7 16 30 0 27 24 14 0 2 3 23 28 4 11 8 18 -1 ] [ 801 -0 ] [ 0 0 ] # 0 # 0 - 
80) [ 29 22 9 15 10 25 5 20 0 26 13 21 31 19 17 6 0 12 1 7 16 30 0 27 24 14 0 18 8 11 4 28 23 2 3 -1 ] [ 801 -0 ] [ 0 0 ] # 0 # 0 - 
81) [ 29 22 9 15 10 25 5 20 0 6 17 19 31 21 13 26 0 12 1 7 16 30 0 14 24 27 0 18 8 11 4 28 23 3 2 -1 ] [ 801 -0 ] [ 0 0 ] # 0 # 0 - 
82) [ 29 22 9 15 10 25 5 20 0 6 17 19 31 21 13 26 0 12 1 7 16 30 0 14 24 27 0 18 8 11 4 28 23 2 3 -1 ] [ 801 -0 ] [ 0 0 ] # 0 # 0 - 
83) [ 29 22 9 15 10 25 5 20 0 26 13 21 31 19 17 6 0 30 16 7 1 12 0 14 24 27 0 3 2 23 28 4 11 8 18 -1 ] [ 801 -0 ] [ 0 0 ] # 0 # 0 - 
84) [ 29 22 9 15 10 25 5 20 0 6 17 19 31 21 13 26 0 30 16 7 1 12 0 27 24 14 0 18 8 11 4 28 23 3 2 -1 ] [ 801 -0 ] [ 0 0 ] # 0 # 0 - 
85) [ 29 22 9 15 10 25 5 20 0 6 17 19 31 21 13 26 0 30 16 7 1 12 0 27 24 14 0 18 8 11 4 28 23 3 2 -1 ] [ 801 -0 ] [ 0 0 ] # 0 # 0 - 
86) [ 29 22 9 15 10 25 5 20 0 6 17 19 31 21 13 26 0 12 1 7 16 30 0 14 24 27 0 18 8 11 4 28 23 2 3 -1 ] [ 801 -0 ] [ 0 0 ] # 0 # 0 - 
87) [ 29 22 9 15 10 25 5 20 0 6 17 19 31 21 13 26 0 12 1 7 16 30 0 27 24 14 0 18 8 11 4 28 23 3 2 -1 ] [ 801 -0 ] [ 0 0 ] # 0 # 0 - 
88) [ 29 22 9 15 10 25 5 20 0 6 17 19 31 21 13 26 0 12 1 7 16 30 0 27 24 14 0 18 8 11 4 28 23 2 3 -1 ] [ 801 -0 ] [ 0 0 ] # 0 # 0 - 
89) [ 29 22 9 15 10 25 5 20 0 6 17 19 31 21 13 26 0 12 1 7 16 30 0 27 24 14 0 18 8 11 4 28 23 2 3 -1 ] [ 801 -0 ] [ 0 0 ] # 0 # 0 - 
90) [ 20 5 25 10 15 9 22 29 0 6 17 19 31 21 13 26 0 12 1 7 16 30 0 27 24 14 0 18 8 11 4 28 23 2 3 -1 ] [ 801 -0 ] [ 0 0 ] # 0 # 0 - 
91) [ 29 22 9 15 10 25 5 20 0 26 13 21 31 19 17 6 0 30 16 7 1 12 0 27 24 14 0 2 3 23 28 4 11 8 18 -1 ] [ 801 -0 ] [ 0 0 ] # 0 # 0 - 
92) [ 29 22 9 15 10 25 5 20 0 6 17 19 31 21 13 26 0 12 1 7 16 30 0 27 24 14 0 18 8 11 4 28 23 3 2 -1 ] [ 801 -0 ] [ 0 0 ] # 0 # 0 - 
93) [ 29 22 9 15 10 25 5 20 0 6 17 19 31 21 13 26 0 12 1 7 16 30 0 27 24 14 0 18 8 11 4 28 23 3 2 -1 ] [ 801 -0 ] [ 0 0 ] # 0 # 0 - 
94) [ 29 22 9 15 10 25 5 20 0 26 13 21 31 19 17 6 0 30 16 7 1 12 0 27 24 14 0 3 2 23 28 4 11 8 18 -1 ] [ 801 -0 ] [ 0 0 ] # 0 # 0 - 
95) [ 29 22 9 15 10 25 5 20 0 26 13 21 31 19 17 6 0 12 1 7 16 30 0 27 24 14 0 18 8 11 4 28 23 3 2 -1 ] [ 801 -0 ] [ 0 0 ] # 0 # 0 - 
96) [ 29 22 9 15 10 25 5 20 0 6 17 19 31 21 13 26 0 30 16 7 1 12 0 14 24 27 0 2 3 23 28 4 11 8 18 -1 ] [ 801 -0 ] [ 0 0 ] # 0 # 0 - 
97) [ 20 5 25 10 15 9 22 29 0 6 17 19 31 21 13 26 0 12 1 7 16 30 0 14 24 27 0 18 8 11 4 28 23 2 3 -1 ] [ 801 -0 ] [ 0 0 ] # 0 # 0 - 
98) [ 29 22 9 15 10 25 5 20 0 26 13 21 31 19 17 6 0 30 16 7 1 12 0 27 24 14 0 2 3 23 28 4 11 8 18 -1 ] [ 801 -0 ] [ 0 0 ] # 0 # 0 - 
99) [ 29 22 9 15 10 25 5 20 0 6 17 19 31 21 13 26 0 30 16 7 1 12 0 14 24 27 0 3 2 23 28 4 11 8 18 -1 ] [ 801 -0 ] [ 0 0 ] # 0 # 0 - 
100) [ 29 22 9 15 10 25 5 20 0 6 17 19 31 21 13 26 0 12 1 7 16 30 0 14 24 27 0 18 8 11 4 28 23 2 3 -1 ] [ 801 -0 ] [ 0 0 ] # 0 # 0 - 