100
1) [ 29 11 4 28 23 2 3 6 0 30 26 16 1 12 0 21 31 19 17 13 7 0 27 24 14 0 18 8 9 22 15 10 25 5 20 -1 ] [ 797 -0 ] [ 0 0 ] # 0 # 0 - 
2) [ 20 5 25 10 15 22 9 8 0 29 18 11 4 28 23 2 3 6 0 30 12 1 16 26 0 14 24 27 0 21 31 19 17 13 7 -1 ] [ 799 -0 ] [ 0 0 ] # 0 # 0 - 
3) [ 18 8 11 4 28 23 3 2 0 26 13 21 31 19 17 6 0 30 16 7 1 12 0 14 24 27 0 29 22 9 15 10 25 5 20 -1 ] [ 801 -0 ] [ 0 0 ] # 0 # 0 - 
4) [ 18 8 11 4 28 23 2 3 0 26 13 21 31 19 17 6 0 30 16 7 1 12 0 27 24 14 0 29 22 9 15 10 25 5 20 -1 ] [ 801 -0 ] [ 0 0 ] # 0 # 0 - 
5) [ 18 8 11 4 28 23 3 2 0 6 17 19 31 21 13 26 0 30 16 7 1 12 0 27 24 14 0 29 22 9 15 10 25 5 20 -1 ] [ 801 -0 ] [ 0 0 ] # 0 # 0 - 
6) [ 18 8 11 4 28 23 3 2 0 6 17 19 31 21 13 26 0 30 16 7 1 12 0 27 24 14 0 29 22 9 15 10 25 5 20 -1 ] [ 801 -0 ] [ 0 0 ] # 0 # 0 - 
7) [ 18 8 11 4 28 23 3 2 0 6 17 19 31 21 13 26 0 12 1 7 16 30 0 27 24 14 0 29 22 9 15 10 25 5 20 -1 ] [ 801 -0 ] [ 0 0 ] # 0 # 0 - 
8) [ 18 8 11 4 28 23 2 3 0 26 13 21 31 19 17 6 0 12 1 7 16 30 0 27 24 14 0 29 22 9 15 10 25 5 20 -1 ] [ 801 -0 ] [ 0 0 ] # 0 # 0 - 
9) [ 18 8 11 4 28 23 3 2 0 6 17 19 31 21 13 26 0 30 16 7 1 12 0 27 24 14 0 29 22 9 15 10 25 5 20 -1 ] [ 801 -0 ] [ 0 0 ] # 0 # 0 - 
10) [ 18 8 11 4 28 23 3 2 0 6 17 19 31 21 13 26 0 30 16 7 1 12 0 14 24 27 0 29 22 9 15 10 25 5 20 -1 ] [ 801 -0 ] [ 0 0 ] # 0 # 0 - 
11) [ 18 8 11 4 28 23 2 3 0 6 17 19 31 21 13 26 0 30 16 7 1 12 0 27 24 14 0 29 22 9 15 10 25 5 20 -1 ] [ 801 -0 ] [ 0 0 ] # 0 # 0 - 
12) [ 18 8 11 4 28 23 3 2 0 6 17 19 31 21 13 26 0 30 16 7 1 12 0 27 24 14 0 29 22 9 15 10 25 5 20 -1 ] [ 801 -0 ] [ 0 0 ] # 0 # 0 - 
13) [ 18 8 11 4 28 23 2 3 0 26 13 21 31 19 17 6 0 30 16 7 1 12 0 14 24 27 0 29 22 9 15 10 25 5 20 -1 ] [ 801 -0 ] [ 0 0 ] # 0 # 0 - 
14) [ 18 8 11 4 28 23 3 2 0 6 17 19 31 21 13 26 0 30 16 7 1 12 0 14 24 27 0 29 22 9 15 10 25 5 20 -1 ] [ 801 -0 ] [ 0 0 ] # 0 # 0 - 
15) [ 18 8 11 4 28 23 2 3 0 6 17 19 31 21 13 26 0 12 1 7 16 30 0 27 24 14 0 29 22 9 15 10 25 5 20 -1 ] [ 801 -0 ] [ 0 0 ] # 0 # 0 - 
16) [ 18 8 11 4 28 23 3 2 0 26 13 21 31 19 17 6 0 12 1 7 16 30 0 14 24 27 0 29 22 9 15 10 25 5 20 -1 ] [ 801 -0 ] [ 0 0 ] # 0 # 0 - 
17) [ 18 8 11 4 28 23 2 3 0 6 17 19 31 21 13 26 0 30 16 7 1 12 0 14 24 27 0 29 22 9 15 10 25 5 20 -1 ] [ 801 -0 ] [ 0 0 ] # 0 # 0 - 
18) [ 2 3 23 28 4 11 8 18 0 26 13 21 31 19 17 6 0 12 1 7 16 30 0 27 24 14 0 29 22 9 15 10 25 5 20 -1 ] [ 801 -0 ] [ 0 0 ] # 0 # 0 - 
19) [ 18 8 11 4 28 23 2 3 0 6 17 19 31 21 13 26 0 12 1 7 16 30 0 14 24 27 0 29 22 9 15 10 25 5 20 -1 ] [ 801 -0 ] [ 0 0 ] # 0 # 0 - 
20) [ 18 8 11 4 28 23 3 2 0 26 13 21 31 19 17 6 0 12 1 7 16 30 0 14 24 27 0 29 22 9 15 10 25 5 20 -1 ] [ 801 -0 ] [ 0 0 ] # 0 # 0 - 
21) [ 18 8 11 4 28 23 3 2 0 6 17 19 31 21 13 26 0 12 1 7 16 30 0 27 24 14 0 29 22 9 15 10 25 5 20 -1 ] [ 801 -0 ] [ 0 0 ] # 0 # 0 - 
22) [ 18 8 11 4 28 23 2 3 0 6 17 19 31 21 13 26 0 12 1 7 16 30 0 27 24 14 0 29 22 9 15 10 25 5 20 -1 ] [ 801 -0 ] [ 0 0 ] # 0 # 0 - 
23) [ 18 8 11 4 28 23 2 3 0 26 13 21 31 19 17 6 0 30 16 7 1 12 0 27 24 14 0 29 22 9 15 10 25 5 20 -1 ] [ 801 -0 ] [ 0 0 ] # 0 # 0 - 
24) [ 18 8 11 4 28 23 3 2 0 6 17 19 31 21 13 26 0 12 1 7 16 30 0 27 24 14 0 29 22 9 15 10 25 5 20 -1 ] [ 801 -0 ] [ 0 0 ] # 0 # 0 - 
25) [ 18 8 11 4 28 23 2 3 0 6 17 19 31 21 13 26 0 30 16 7 1 12 0 27 24 14 0 29 22 9 15 10 25 5 20 -1 ] [ 801 -0 ] [ 0 0 ] # 0 # 0 - 
26) [ 18 8 11 4 28 23 2 3 0 6 17 19 31 21 13 26 0 12 1 7 16 30 0 14 24 27 0 29 22 9 15 10 25 5 20 -1 ] [ 801 -0 ] [ 0 0 ] # 0 # 0 - 
27) [ 18 8 11 4 28 23 2 3 0 26 13 21 31 19 17 6 0 30 16 7 1 12 0 27 24 14 0 29 22 9 15 10 25 5 20 -1 ] [ 801 -0 ] [ 0 0 ] # 0 # 0 - 
28) [ 2 3 23 28 4 11 8 18 0 6 17 19 31 21 13 26 0 12 1 7 16 30 0 27 24 14 0 29 22 9 15 10 25 5 20 -1 ] [ 801 -0 ] [ 0 0 ] # 0 # 0 - 
29) [ 3 2 23 28 4 11 8 18 0 6 17 19 31 21 13 26 0 12 1 7 16 30 0 27 24 14 0 29 22 9 15 10 25 5 20 -1 ] [ 801 -0 ] [ 0 0 ] # 0 # 0 - 
30) [ 18 8 11 4 28 23 3 2 0 6 17 19 31 21 13 26 0 12 1 7 16 30 0 27 24 14 0 29 22 9 15 10 25 5 20 -1 ] [ 801 -0 ] [ 0 0 ] # 0 # 0 - 
31) [ 18 8 11 4 28 23 2 3 0 26 13 21 31 19 17 6 0 12 1 7 16 30 0 27 24 14 0 29 22 9 15 10 25 5 20 -1 ] [ 801 -0 ] [ 0 0 ] # 0 # 0 - 
32) [ 18 8 11 4 28 23 2 3 0 6 17 19 31 21 13 26 0 12 1 7 16 30 0 27 24 14 0 20 5 25 10 15 9 22 29 -1 ] [ 801 -0 ] [ 0 0 ] # 0 # 0 - 
33) [ 18 8 11 4 28 23 3 2 0 6 17 19 31 21 13 26 0 12 1 7 16 30 0 27 24 14 0 29 22 9 15 10 25 5 20 -1 ] [ 801 -0 ] [ 0 0 ] # 0 # 0 - 
34) [ 18 8 11 4 28 23 2 3 0 26 13 21 31 19 17 6 0 12 1 7 16 30 0 27 24 14 0 29 22 9 15 10 25 5 20 -1 ] [ 801 -0 ] [ 0 0 ] # 0 # 0 - 
35) [ 3 2 23 28 4 11 8 18 0 26 13 21 31 19 17 6 0 12 1 7 16 30 0 27 24 14 0 29 22 9 15 10 25 5 20 -1 ] [ 801 -0 ] [ 0 0 ] # 0 # 0 - 
36) [ 18 8 11 4 28 23 2 3 0 26 13 21 31 19 17 6 0 12 1 7 16 30 0 27 24 14 0 29 22 9 15 10 25 5 20 -1 ] [ 801 -0 ] [ 0 0 ] # 0 # 0 - 
37) [ 18 8 11 4 28 23 3 2 0 6 17 19 31 21 13 26 0 12 1 7 16 30 0 14 24 27 0 29 22 9 15 10 25 5 20 -1 ] [ 801 -0 ] [ 0 0 ] # 0 # 0 - 
38) [ 18 8 11 4 28 23 3 2 0 6 17 19 31 21 13 26 0 12 1 7 16 30 0 14 24 27 0 29 22 9 15 10 25 5 20 -1 ] [ 801 -0 ] [ 0 0 ] # 0 # 0 - 
39) [ 18 8 11 4 28 23 3 2 0 6 17 19 31 21 13 26 0 30 16 7 1 12 0 14 24 27 0 29 22 9 15 10 25 5 20 -1 ] [ 801 -0 ] [ 0 0 ] # 0 # 0 - 
40) [ 18 8 11 4 28 23 3 2 0 26 13 21 31 19 17 6 0 30 16 7 1 12 0 14 24 27 0 29 22 9 15 10 25 5 20 -1 ] [ 801 -0 ] [ 0 0 ] # 0 # 0 - 
41) [ 18 8 11 4 28 23 3 2 0 6 17 19 31 21 13 26 0 30 16 7 1 12 0 27 24 14 0 29 22 9 15 10 25 5 20 -1 ] [ 801 -0 ] [ 0 0 ] # 0 # 0 - 
42) [ 18 8 11 4 28 23 3 2 0 6 17 19 31 21 13 26 0 12 1 7 16 30 0 27 24 14 0 29 22 9 15 10 25 5 20 -1 ] [ 801 -0 ] [ 0 0 ] # 0 # 0 - 
43) [ 3 2 23 28 4 11 8 18 0 26 13 21 31 19 17 6 0 12 1 7 16 30 0 14 24 27 0 29 22 9 15 10 25 5 20 -1 ] [ 801 -0 ] [ 0 0 ] # 0 # 0 - 
44) [ 3 2 23 28 4 11 8 18 0 26 13 21 31 19 17 6 0 12 1 7 16 30 0 27 24 14 0 29 22 9 15 10 25 5 20 -1 ] [ 801 -0 ] [ 0 0 ] # 0 # 0 - 
45) [ 18 8 11 4 28 23 3 2 0 26 13 21 31 19 17 6 0 30 16 7 1 12 0 27 24 14 0 20 5 25 10 15 9 22 29 -1 ] [ 801 -0 ] [ 0 0 ] # 0 # 0 - 
46) [ 18 8 11 4 28 23 3 2 0 12 1 16 30 0 7 13 17 19 31 21 0 27 24 14 6 26 0 29 22 9 15 10 25 5 20 -1 ] [ 817 -0 ] [ 0 0 ] # 0 # 0 - 
47) [ 2 3 23 28 4 11 8 18 0 12 1 16 30 0 21 31 19 17 13 7 0 27 24 14 6 26 0 29 22 9 15 10 25 5 20 -1 ] [ 817 -0 ] [ 0 0 ] # 0 # 0 - 
48) [ 18 8 11 4 28 23 2 3 0 12 1 7 16 0 13 21 31 19 17 6 0 30 26 14 24 27 0 29 22 9 15 10 25 5 20 -1 ] [ 817 -0 ] [ 0 0 ] # 0 # 0 - 
49) [ 18 8 11 4 28 23 3 2 0 16 7 1 12 0 6 17 19 31 21 13 0 30 26 14 24 27 0 29 22 9 15 10 25 5 20 -1 ] [ 817 -0 ] [ 0 0 ] # 0 # 0 - 
50) [ 18 8 11 4 28 23 2 3 0 12 1 7 16 0 6 17 19 31 21 13 0 27 24 14 26 30 0 29 22 9 15 10 25 5 20 -1 ] [ 817 -0 ] [ 0 0 ] # 0 # 0 - 
51) [ 18 8 11 4 28 23 2 3 0 30 16 1 12 0 21 31 19 17 13 7 0 27 24 14 6 26 0 29 22 9 15 10 25 5 20 -1 ] [ 817 -0 ] [ 0 0 ] # 0 # 0 - 
52) [ 18 8 11 4 28 23 3 2 0 30 16 1 12 0 21 31 19 17 13 7 0 27 24 14 6 26 0 29 22 9 15 10 25 5 20 -1 ] [ 817 -0 ] [ 0 0 ] # 0 # 0 - 
53) [ 18 8 11 4 28 23 3 2 0 12 1 7 16 0 6 17 19 31 21 13 0 30 26 14 24 27 0 29 22 9 15 10 25 5 20 -1 ] [ 817 -0 ] [ 0 0 ] # 0 # 0 - 
54) [ 3 2 23 28 4 11 8 18 0 12 1 16 30 0 21 31 19 17 13 7 0 27 24 14 6 26 0 29 22 9 15 10 25 5 20 -1 ] [ 817 -0 ] [ 0 0 ] # 0 # 0 - 
55) [ 18 8 11 4 28 23 3 2 0 16 7 1 12 0 13 21 31 19 17 6 0 27 24 14 26 30 0 29 22 9 15 10 25 5 20 -1 ] [ 817 -0 ] [ 0 0 ] # 0 # 0 - 
56) [ 18 8 11 4 28 23 3 2 0 12 1 7 16 0 13 21 31 19 17 6 0 27 24 14 26 30 0 29 22 9 15 10 25 5 20 -1 ] [ 817 -0 ] [ 0 0 ] # 0 # 0 - 
57) [ 3 2 23 28 4 11 8 18 0 30 16 1 12 0 21 31 19 17 13 7 0 27 24 14 6 26 0 29 22 9 15 10 25 5 20 -1 ] [ 817 -0 ] [ 0 0 ] # 0 # 0 - 
58) [ 18 8 11 4 28 23 3 2 0 12 1 7 16 0 13 21 31 19 17 6 0 27 24 14 26 30 0 29 22 9 15 10 25 5 20 -1 ] [ 817 -0 ] [ 0 0 ] # 0 # 0 - 
59) [ 18 8 11 4 28 23 2 3 0 12 1 7 16 0 6 17 19 31 21 13 0 30 26 14 24 27 0 29 22 9 15 10 25 5 20 -1 ] [ 817 -0 ] [ 0 0 ] # 0 # 0 - 
60) [ 18 8 11 4 28 23 2 3 0 12 1 16 30 0 21 31 19 17 13 7 0 26 6 14 24 27 0 29 22 9 15 10 25 5 20 -1 ] [ 817 -0 ] [ 0 0 ] # 0 # 0 - 
61) [ 18 8 11 4 28 23 3 2 0 30 16 1 12 0 21 31 19 17 13 7 0 26 6 14 24 27 0 29 22 9 15 10 25 5 20 -1 ] [ 817 -0 ] [ 0 0 ] # 0 # 0 - 
62) [ 18 8 11 4 28 23 3 2 0 12 1 7 16 0 6 17 19 31 21 13 0 27 24 14 26 30 0 29 22 9 15 10 25 5 20 -1 ] [ 817 -0 ] [ 0 0 ] # 0 # 0 - 
63) [ 18 8 11 4 28 23 3 2 0 30 16 1 12 0 21 31 19 17 13 7 0 26 6 14 24 27 0 20 5 25 10 15 9 22 29 -1 ] [ 817 -0 ] [ 0 0 ] # 0 # 0 - 
64) [ 18 8 11 4 28 23 2 3 0 12 1 16 30 0 21 31 19 17 13 7 0 27 24 14 6 26 0 29 22 9 15 10 25 5 20 -1 ] [ 817 -0 ] [ 0 0 ] # 0 # 0 - 
65) [ 18 8 11 4 28 23 2 3 0 30 16 1 12 0 21 31 19 17 13 7 0 27 24 14 6 26 0 29 22 9 15 10 25 5 20 -1 ] [ 817 -0 ] [ 0 0 ] # 0 # 0 - 
66) [ 18 8 11 4 28 23 2 3 0 12 1 16 30 0 21 31 19 17 13 7 0 27 24 14 6 26 0 29 22 9 15 10 25 5 20 -1 ] [ 817 -0 ] [ 0 0 ] # 0 # 0 - 
67) [ 18 8 11 4 28 23 3 2 0 12 1 7 16 0 6 17 19 31 21 13 0 27 24 14 26 30 0 29 22 9 15 10 25 5 20 -1 ] [ 817 -0 ] [ 0 0 ] # 0 # 0 - 
68) [ 18 8 11 4 28 23 2 3 0 16 7 1 12 0 13 21 31 19 17 6 0 30 26 14 24 27 0 20 5 25 10 15 9 22 29 -1 ] [ 817 -0 ] [ 0 0 ] # 0 # 0 - 
69) [ 18 8 11 4 28 23 2 3 0 12 1 7 16 0 6 17 19 31 21 13 0 30 26 14 24 27 0 29 22 9 15 10 25 5 20 -1 ] [ 817 -0 ] [ 0 0 ] # 0 # 0 - 
70) [ 18 8 11 4 28 23 3 2 0 16 7 1 12 0 13 21 31 19 17 6 0 27 24 14 26 30 0 29 22 9 15 10 25 5 20 -1 ] [ 817 -0 ] [ 0 0 ] # 0 # 0 - 
71) [ 18 8 11 4 28 23 2 3 0 12 1 16 30 0 21 31 19 17 13 7 0 27 24 14 6 26 0 20 5 25 10 15 9 22 29 -1 ] [ 817 -0 ] [ 0 0 ] # 0 # 0 - 
72) [ 18 8 11 4 28 23 3 2 0 12 1 7 16 0 13 21 31 19 17 6 0 30 26 14 24 27 0 29 22 9 15 10 25 5 20 -1 ] [ 817 -0 ] [ 0 0 ] # 0 # 0 - 
73) [ 18 8 11 4 28 23 3 2 0 12 1 16 30 0 21 31 19 17 13 7 0 27 24 14 6 26 0 20 5 25 10 15 9 22 29 -1 ] [ 817 -0 ] [ 0 0 ] # 0 # 0 - 
74) [ 18 8 11 4 28 23 3 2 0 12 1 7 16 0 13 21 31 19 17 6 0 27 24 14 26 30 0 29 22 9 15 10 25 5 20 -1 ] [ 817 -0 ] [ 0 0 ] # 0 # 0 - 
75) [ 18 8 11 4 28 23 2 3 0 12 1 16 30 0 21 31 19 17 13 7 0 26 6 14 24 27 0 29 22 9 15 10 25 5 20 -1 ] [ 817 -0 ] [ 0 0 ] # 0 # 0 - 
76) [ 18 8 11 4 28 23 3 2 0 16 7 1 12 0 13 21 31 19 17 6 0 30 26 14 24 27 0 29 22 9 15 10 25 5 20 -1 ] [ 817 -0 ] [ 0 0 ] # 0 # 0 - 
77) [ 18 8 11 4 28 23 3 2 0 12 1 7 16 0 13 21 31 19 17 6 0 27 24 14 26 30 0 29 22 9 15 10 25 5 20 -1 ] [ 817 -0 ] [ 0 0 ] # 0 # 0 - 
78) [ 18 8 11 4 28 23 3 2 0 30 16 1 12 0 21 31 19 17 13 7 0 27 24 14 6 26 0 29 22 9 15 10 25 5 20 -1 ] [ 817 -0 ] [ 0 0 ] # 0 # 0 - 
79) [ 18 8 11 4 28 23 2 3 0 12 1 7 16 0 13 21 31 19 17 6 0 27 24 14 26 30 0 29 22 9 15 10 25 5 20 -1 ] [ 817 -0 ] [ 0 0 ] # 0 # 0 - 
80) [ 18 8 11 4 28 23 2 3 0 12 1 7 16 0 6 17 19 31 21 13 0 27 24 14 26 30 0 29 22 9 15 10 25 5 20 -1 ] [ 817 -0 ] [ 0 0 ] # 0 # 0 - 
81) [ 18 8 11 4 28 23 3 2 0 12 1 16 30 0 7 13 17 19 31 21 0 26 6 14 24 27 0 20 5 25 10 15 9 22 29 -1 ] [ 817 -0 ] [ 0 0 ] # 0 # 0 - 
82) [ 18 8 11 4 28 23 2 3 0 12 1 16 30 0 21 31 19 17 13 7 0 27 24 14 6 26 0 20 5 25 10 15 9 22 29 -1 ] [ 817 -0 ] [ 0 0 ] # 0 # 0 - 
83) [ 18 8 11 4 28 23 3 2 0 12 1 16 30 0 21 31 19 17 13 7 0 26 6 14 24 27 0 29 22 9 15 10 25 5 20 -1 ] [ 817 -0 ] [ 0 0 ] # 0 # 0 - 
84) [ 18 8 11 4 28 23 3 2 0 12 1 7 16 0 13 21 31 19 17 6 0 30 26 14 24 27 0 29 22 9 15 10 25 5 20 -1 ] [ 817 -0 ] [ 0 0 ] # 0 # 0 - 
85) [ 18 8 11 4 28 23 2 3 0 12 1 16 30 0 21 31 19 17 13 7 0 27 24 14 6 26 0 20 5 25 10 15 9 22 29 -1 ] [ 817 -0 ] [ 0 0 ] # 0 # 0 - 
86) [ 18 8 11 4 28 23 3 2 0 12 1 16 30 0 21 31 19 17 13 7 0 27 24 14 6 26 0 29 22 9 15 10 25 5 20 -1 ] [ 817 -0 ] [ 0 0 ] # 0 # 0 - 
87) [ 18 8 11 4 28 23 2 3 0 16 7 1 12 0 13 21 31 19 17 6 0 27 24 14 26 30 0 29 22 9 15 10 25 5 20 -1 ] [ 817 -0 ] [ 0 0 ] # 0 # 0 - 
88) [ 18 8 11 4 28 23 3 2 0 30 16 1 12 0 21 31 19 17 13 7 0 27 24 14 6 26 0 29 22 9 15 10 25 5 20 -1 ] [ 817 -0 ] [ 0 0 ] # 0 # 0 - 
89) [ 18 8 11 4 28 23 2 3 0 12 1 16 30 0 21 31 19 17 13 7 0 26 6 14 24 27 0 29 22 9 15 10 25 5 20 -1 ] [ 817 -0 ] [ 0 0 ] # 0 # 0 - 
90) [ 18 8 11 4 28 23 3 2 0 12 1 16 30 0 21 31 19 17 13 7 0 27 24 14 6 26 0 29 22 9 15 10 25 5 20 -1 ] [ 817 -0 ] [ 0 0 ] # 0 # 0 - 
91) [ 18 8 11 4 28 23 3 2 0 12 1 7 16 0 13 21 31 19 17 6 0 27 24 14 26 30 0 29 22 9 15 10 25 5 20 -1 ] [ 817 -0 ] [ 0 0 ] # 0 # 0 - 
92) [ 3 2 23 28 4 11 8 18 0 12 1 16 30 0 21 31 19 17 13 7 0 27 24 14 6 26 0 29 22 9 15 10 25 5 20 -1 ] [ 817 -0 ] [ 0 0 ] # 0 # 0 - 
93) [ 18 8 11 4 28 23 2 3 0 12 1 16 30 0 21 31 19 17 13 7 0 26 6 14 24 27 0 29 22 9 15 10 25 5 20 -1 ] [ 817 -0 ] [ 0 0 ] # 0 # 0 - 
94) [ 18 8 11 4 28 23 3 2 0 16 7 1 12 0 13 21 31 19 17 6 0 27 24 14 26 30 0 29 22 9 15 10 25 5 20 -1 ] [ 817 -0 ] [ 0 0 ] # 0 # 0 - 
95) [ 18 8 11 4 28 23 3 2 0 16 7 1 12 0 6 17 19 31 21 13 0 27 24 14 26 30 0 29 22 9 15 10 25 5 20 -1 ] [ 817 -0 ] [ 0 0 ] # 0 # 0 - 
96) [ 18 8 11 4 28 23 3 2 0 12 1 16 30 0 21 31 19 17 13 7 0 26 6 14 24 27 0 29 22 9 15 10 25 5 20 -1 ] [ 817 -0 ] [ 0 0 ] # 0 # 0 - 
97) [ 3 2 23 28 4 11 8 18 0 30 16 1 12 0 21 31 19 17 13 7 0 27 24 14 6 26 0 29 22 9 15 10 25 5 20 -1 ] [ 817 -0 ] [ 0 0 ] # 0 # 0 - 
98) [ 18 8 11 4 28 23 3 2 0 12 1 16 30 0 21 31 19 17 13 7 0 27 24 14 6 26 0 29 22 9 15 10 25 5 20 -1 ] [ 817 -0 ] [ 0 0 ] # 0 # 0 - 
99) [ 18 8 11 4 28 23 3 2 0 12 1 16 30 0 21 31 19 17 13 7 0 27 24 14 6 26 0 29 22 9 15 10 25 5 20 -1 ] [ 817 -0 ] [ 0 0 ] # 0 # 0 - 
100) [ 18 8 11 4 28 23 3 2 0 12 1 16 30 0 21 31 19 17 13 7 0 27 24 14 6 26 0 29 22 9 15 10 25 5 20 -1 ] [ 817 -0 ] [ 0 0 ] # 0 # 0 - 