200
1) [ 27 24 0 20 5 25 10 15 22 9 8 18 29 0 6 2 3 23 4 11 28 14 0 21 31 19 17 13 7 26 0 30 16 1 12 -1 ] [ 784 -0 5 ] [ 0 0 0 ] # 0 # 0 - 
2) [ 21 31 19 17 13 7 26 0 20 5 25 10 15 22 9 8 18 29 0 24 27 0 12 1 16 30 0 6 2 3 23 4 11 28 14 -1 ] [ 784 -0 5 ] [ 0 0 0 ] # 0 # 0 - 
3) [ 30 16 1 12 0 29 11 4 28 23 3 2 6 0 26 7 13 17 19 31 21 0 24 27 0 14 18 8 9 22 15 10 25 5 20 -1 ] [ 785 -0 5 ] [ 0 0 0 ] # 0 # 0 - 
4) [ 30 16 1 12 0 26 7 13 17 19 31 21 0 29 18 8 9 22 15 10 25 5 20 0 14 24 27 0 6 3 2 23 4 11 28 -1 ] [ 789 -0 5 ] [ 0 0 0 ] # 0 # 0 - 
5) [ 6 17 19 31 21 13 26 0 12 1 7 16 30 0 14 18 8 11 4 28 23 2 3 0 20 5 25 10 15 9 22 29 0 27 24 -1 ] [ 796 -0 5 ] [ 0 0 0 ] # 0 # 0 - 
6) [ 29 22 9 15 10 25 5 20 0 6 17 19 31 21 13 26 0 12 1 7 16 30 0 3 2 23 28 4 11 8 18 14 0 27 24 -1 ] [ 796 -0 5 ] [ 0 0 0 ] # 0 # 0 - 
7) [ 3 2 23 28 4 11 8 18 14 0 6 17 19 31 21 13 26 0 20 5 25 10 15 9 22 29 0 12 1 7 16 30 0 24 27 -1 ] [ 796 -0 5 ] [ 0 0 0 ] # 0 # 0 - 
8) [ 6 17 19 31 21 13 0 20 5 25 10 15 9 22 29 0 27 24 0 3 2 23 28 4 11 8 18 14 0 26 7 1 12 16 30 -1 ] [ 801 -0 5 ] [ 0 0 0 ] # 0 # 0 - 
9) [ 24 27 0 3 2 23 28 4 11 8 18 14 0 29 22 9 15 10 25 5 20 0 30 26 16 7 1 12 0 13 21 31 19 17 6 -1 ] [ 803 -0 5 ] [ 0 0 0 ] # 0 # 0 - 
10) [ 21 31 19 17 13 26 0 12 1 7 16 30 0 29 18 8 9 22 15 10 25 5 20 0 6 2 3 23 4 11 28 0 14 24 27 -1 ] [ 804 -0 5 ] [ 0 0 0 ] # 0 # 0 - 
11) [ 21 31 19 17 13 7 26 0 16 1 12 0 18 28 11 4 23 3 2 6 0 20 5 25 10 15 22 9 8 29 0 30 14 24 27 -1 ] [ 811 -0 5 ] [ 0 0 0 ] # 0 # 0 - 
12) [ 21 31 19 17 13 7 26 0 6 2 3 28 4 11 8 18 29 0 30 16 1 12 0 27 24 0 14 23 9 22 15 10 25 5 20 -1 ] [ 812 -0 5 ] [ 0 0 0 ] # 0 # 0 - 
13) [ 15 22 9 11 4 28 8 18 14 0 27 24 0 30 16 1 12 0 20 5 25 10 29 23 3 2 6 0 21 31 19 17 13 7 26 -1 ] [ 815 -0 5 ] [ 0 0 0 ] # 0 # 0 - 
14) [ 27 24 14 6 0 20 5 25 10 15 9 22 29 0 18 8 11 4 28 23 2 3 26 0 12 1 16 30 0 7 13 17 19 31 21 -1 ] [ 816 -0 5 ] [ 0 0 0 ] # 0 # 0 - 
15) [ 18 8 11 4 28 23 3 2 0 30 26 6 14 24 27 0 20 5 25 10 15 9 22 29 0 7 13 17 19 31 21 0 16 1 12 -1 ] [ 820 -0 5 ] [ 0 0 0 ] # 0 # 0 - 
16) [ 20 5 25 10 15 29 27 0 18 8 28 4 11 9 22 24 0 26 13 17 19 31 21 7 0 14 6 23 3 2 1 12 0 30 16 -1 ] [ 830 -0 5 ] [ 0 0 0 ] # 0 # 0 - 
17) [ 16 7 13 1 12 0 26 3 2 17 19 31 21 0 20 5 25 10 15 29 27 0 30 14 24 0 18 22 9 8 11 4 28 23 6 -1 ] [ 830 -0 5 ] [ 0 0 0 ] # 0 # 0 - 
18) [ 6 28 4 11 8 9 22 18 14 0 24 26 30 0 21 31 19 17 2 3 23 0 20 5 25 10 15 29 27 0 12 1 13 7 16 -1 ] [ 830 -0 5 ] [ 0 0 0 ] # 0 # 0 - 
19) [ 12 1 16 30 0 20 5 25 10 15 29 27 0 26 7 13 17 19 31 21 0 14 23 3 2 6 0 24 22 9 8 11 4 28 18 -1 ] [ 831 -0 5 ] [ 0 0 0 ] # 0 # 0 - 
20) [ 24 14 23 3 2 6 0 28 4 11 8 18 9 22 0 26 7 13 17 19 31 21 0 27 29 15 10 25 5 20 0 30 16 1 12 -1 ] [ 831 -0 5 ] [ 0 0 0 ] # 0 # 0 - 
21) [ 26 7 2 3 23 6 24 0 20 5 25 10 15 29 0 13 17 19 31 21 1 0 14 28 4 11 8 18 9 22 27 0 12 16 30 -1 ] [ 832 -0 5 ] [ 0 0 0 ] # 0 # 0 - 
22) [ 16 7 13 2 3 23 6 14 0 20 5 25 10 15 29 27 0 28 4 11 8 18 9 22 24 0 12 0 26 17 19 31 21 1 30 -1 ] [ 832 -0 5 ] [ 0 0 0 ] # 0 # 0 - 
23) [ 26 6 3 2 23 14 24 0 20 5 25 10 15 29 0 21 31 19 17 13 7 0 27 22 9 11 4 28 8 18 0 30 16 1 12 -1 ] [ 832 -0 5 ] [ 0 0 0 ] # 0 # 0 - 
24) [ 24 18 8 28 4 11 9 22 0 26 17 19 31 21 1 0 14 6 23 3 2 13 7 0 30 16 12 0 20 5 25 10 15 29 27 -1 ] [ 835 -0 5 ] [ 0 0 0 ] # 0 # 0 - 
25) [ 13 17 19 31 21 1 0 27 29 10 25 5 20 0 24 14 6 23 3 2 7 26 0 15 22 9 11 4 28 8 18 0 12 16 30 -1 ] [ 836 -0 5 ] [ 0 0 0 ] # 0 # 0 - 
26) [ 20 5 25 10 15 9 22 29 0 13 21 31 19 17 3 6 0 26 2 23 28 4 11 8 18 0 30 14 24 27 0 16 7 1 12 -1 ] [ 838 -0 5 ] [ 0 0 0 ] # 0 # 0 - 
27) [ 23 3 2 17 19 31 21 0 20 5 25 10 15 9 22 29 0 14 18 8 11 4 28 6 30 0 26 16 7 13 1 12 0 24 27 -1 ] [ 839 -0 5 ] [ 0 0 0 ] # 0 # 0 - 
28) [ 22 9 8 11 4 28 18 24 0 21 31 19 17 13 0 26 2 3 23 6 14 0 12 1 7 16 30 0 20 5 25 10 15 29 27 -1 ] [ 849 -0 5 ] [ 0 0 0 ] # 0 # 0 - 
29) [ 30 16 1 12 0 24 14 18 8 9 22 27 0 28 11 4 23 2 3 6 0 26 13 17 19 31 21 7 0 29 15 10 25 5 20 -1 ] [ 849 -0 5 ] [ 0 0 0 ] # 0 # 0 - 
30) [ 30 16 12 0 14 18 8 4 11 9 22 24 0 6 28 23 3 2 7 26 0 1 21 31 19 17 13 0 20 5 25 10 15 29 27 -1 ] [ 849 -0 5 ] [ 0 0 0 ] # 0 # 0 - 
31) [ 27 29 15 22 9 8 24 0 5 10 25 20 0 12 1 16 30 0 6 3 2 23 28 4 11 18 14 0 7 21 31 19 17 13 26 -1 ] [ 852 -0 5 ] [ 0 0 0 ] # 0 # 0 - 
32) [ 18 8 4 11 9 22 27 0 29 15 10 25 5 20 0 21 31 19 17 13 7 0 30 26 16 1 12 0 24 14 28 23 2 3 6 -1 ] [ 853 -0 5 ] [ 0 0 0 ] # 0 # 0 - 
33) [ 17 19 31 21 0 24 14 15 10 25 5 20 0 27 29 22 9 8 11 4 28 18 0 26 7 13 2 3 23 6 0 30 16 1 12 -1 ] [ 857 -0 5 ] [ 0 0 0 ] # 0 # 0 - 
34) [ 13 2 28 4 11 8 18 0 14 29 22 9 15 10 25 5 20 0 21 31 19 17 3 23 6 26 0 30 24 27 0 16 7 1 12 -1 ] [ 859 -0 5 ] [ 0 0 0 ] # 0 # 0 - 
35) [ 12 1 21 17 2 3 26 0 20 5 25 10 15 29 14 24 0 27 0 22 9 18 8 11 4 28 23 6 0 7 13 19 31 16 30 -1 ] [ 860 -0 5 ] [ 0 0 0 ] # 0 # 0 - 
36) [ 14 22 9 11 4 23 3 2 26 0 20 5 25 10 15 29 27 0 13 17 19 31 21 1 0 24 18 8 28 6 7 16 0 30 12 -1 ] [ 861 -0 5 ] [ 0 0 0 ] # 0 # 0 - 
37) [ 12 1 16 30 0 7 13 17 19 31 21 0 26 2 3 9 22 15 25 29 0 6 23 28 4 11 8 18 10 5 20 0 27 24 14 -1 ] [ 863 -0 5 ] [ 0 0 0 ] # 0 # 0 - 
38) [ 28 23 2 3 6 26 30 0 25 10 29 27 24 0 20 5 15 22 9 11 4 8 18 14 0 7 13 17 19 31 21 0 16 1 12 -1 ] [ 871 -0 5 ] [ 0 0 0 ] # 0 # 0 - 
39) [ 24 27 5 25 20 0 21 31 19 17 13 0 18 8 4 11 9 22 15 10 29 0 26 6 2 3 23 28 14 0 30 16 7 1 12 -1 ] [ 872 -0 5 ] [ 0 0 0 ] # 0 # 0 - 
40) [ 6 23 3 2 17 19 0 27 22 9 8 11 4 28 18 0 24 14 26 16 30 0 29 15 10 25 5 20 0 7 13 31 21 1 12 -1 ] [ 872 -0 5 ] [ 0 0 0 ] # 0 # 0 - 
41) [ 21 31 19 17 13 7 0 25 10 15 22 11 4 18 14 0 26 16 1 12 30 0 29 9 8 28 23 3 2 6 0 24 27 5 20 -1 ] [ 873 -0 5 ] [ 0 0 0 ] # 0 # 0 - 
42) [ 26 7 6 28 8 9 22 15 29 0 20 25 10 5 27 0 13 17 19 31 21 1 0 3 2 23 4 11 18 14 24 0 12 16 30 -1 ] [ 874 -0 5 ] [ 0 0 0 ] # 0 # 0 - 
43) [ 6 3 2 13 7 26 0 1 21 31 19 17 23 18 14 0 20 5 25 10 15 29 27 0 24 28 4 11 8 9 22 0 12 16 30 -1 ] [ 899 -0 5 ] [ 0 0 0 ] # 0 # 0 - 
44) [ 12 1 7 2 6 20 0 27 29 10 15 9 22 14 24 0 30 0 16 21 31 19 17 13 26 0 5 25 18 8 11 4 28 23 3 -1 ] [ 923 -0 5 ] [ 0 0 0 ] # 0 # 0 - 
45) [ 12 1 2 3 23 27 0 26 21 31 19 17 14 24 0 6 18 9 22 15 10 25 5 0 7 13 28 4 11 8 29 20 0 16 30 -1 ] [ 938 -0 5 ] [ 0 0 0 ] # 0 # 0 - 
46) [ 15 0 10 8 20 0 30 22 0 28 0 5 11 14 19 23 6 31 29 1 26 27 7 16 9 18 21 13 25 24 12 3 4 17 2 -1 ] [ 2157 466 5 ] [ 0 0 0 ] # -466 # 2 - 
47) [ 26 30 0 3 0 13 25 0 18 0 9 31 4 23 6 24 20 17 11 28 12 27 5 8 10 16 15 2 22 14 29 19 1 7 21 -1 ] [ 2129 494 5 ] [ 0 0 0 ] # -494 # 2 - 
48) [ 2 11 0 28 0 20 7 25 0 1 13 0 29 16 15 4 6 30 12 9 22 14 27 17 5 21 3 19 8 26 23 18 31 24 10 -1 ] [ 2246 354 5 ] [ 0 0 0 ] # -354 # 2 - 
49) [ 26 16 0 9 22 25 7 0 17 0 24 0 5 19 2 30 10 8 18 15 1 23 4 3 29 28 11 13 14 27 12 20 6 21 31 -1 ] [ 1792 374 5 ] [ 0 0 0 ] # -374 # 2 - 
50) [ 31 0 19 9 0 27 16 21 0 13 0 3 30 4 18 28 15 24 20 14 23 10 8 6 12 22 17 29 1 26 11 7 25 2 5 -1 ] [ 2307 390 5 ] [ 0 0 0 ] # -390 # 2 - 
51) [ 6 15 5 0 22 29 0 3 0 4 0 19 20 11 2 28 1 16 13 30 31 18 12 10 27 8 9 26 17 25 21 7 23 14 24 -1 ] [ 2231 476 5 ] [ 0 0 0 ] # -476 # 2 - 
52) [ 29 20 13 0 3 0 7 0 19 10 0 26 8 14 1 22 6 30 12 24 31 15 18 27 21 17 16 9 23 11 5 28 25 4 2 -1 ] [ 2179 460 5 ] [ 0 0 0 ] # -460 # 2 - 
53) [ 29 0 6 5 15 0 11 27 7 24 0 13 4 0 20 21 2 9 14 28 10 31 16 26 23 3 30 22 18 19 17 1 8 25 12 -1 ] [ 2103 316 5 ] [ 0 0 0 ] # -316 # 2 - 
54) [ 3 1 9 0 18 17 0 26 0 30 11 7 0 20 25 12 31 22 21 8 5 29 15 10 24 23 13 27 2 4 14 19 6 16 28 -1 ] [ 2141 406 5 ] [ 0 0 0 ] # -406 # 2 - 
55) [ 4 17 25 0 2 18 16 0 30 0 31 3 0 29 21 13 8 6 9 12 1 24 5 22 28 19 20 10 15 7 26 14 23 27 11 -1 ] [ 2095 358 5 ] [ 0 0 0 ] # -358 # 2 - 
56) [ 20 0 16 0 13 2 0 9 10 25 12 15 17 29 0 27 24 7 6 5 1 28 26 31 18 23 3 11 30 19 22 8 14 4 21 -1 ] [ 2065 282 5 ] [ 0 0 0 ] # -282 # 3 - 
57) [ 6 0 27 21 30 0 10 0 19 0 25 5 9 18 23 31 20 29 3 8 2 13 7 4 11 22 1 15 28 12 26 16 14 24 17 -1 ] [ 1815 440 5 ] [ 0 0 0 ] # -440 # 2 - 
58) [ 12 0 27 0 8 11 0 25 22 0 7 2 5 29 24 13 1 23 4 26 16 19 6 3 28 14 30 9 15 20 18 17 31 10 21 -1 ] [ 1864 442 5 ] [ 0 0 0 ] # -442 # 2 - 
59) [ 29 9 17 0 24 0 15 0 14 0 30 18 6 31 16 19 28 10 5 3 26 11 22 4 12 25 2 27 13 7 21 1 20 23 8 -1 ] [ 2023 448 5 ] [ 0 0 0 ] # -448 # 2 - 
60) [ 18 29 0 5 17 3 27 0 1 0 2 28 0 22 26 7 14 19 25 30 13 31 10 24 15 11 20 8 12 21 16 4 6 23 9 -1 ] [ 2208 400 5 ] [ 0 0 0 ] # -400 # 2 - 
61) [ 30 0 15 13 0 23 25 0 3 14 0 2 12 27 6 9 10 28 24 1 29 17 16 11 8 21 20 18 7 22 31 4 5 19 26 -1 ] [ 2334 434 5 ] [ 0 0 0 ] # -434 # 2 - 
62) [ 17 0 31 4 20 21 0 1 7 0 15 22 10 18 0 24 2 12 23 6 11 3 13 19 25 5 30 9 8 14 16 27 28 26 29 -1 ] [ 2025 346 5 ] [ 0 0 0 ] # -346 # 2 - 
63) [ 1 18 0 22 16 0 8 0 20 0 3 24 4 12 21 6 17 2 25 7 15 27 23 26 13 9 28 19 10 30 14 29 31 11 5 -1 ] [ 2373 508 5 ] [ 0 0 0 ] # -508 # 2 - 
64) [ 20 0 23 0 16 0 26 0 29 28 9 27 2 8 30 1 14 10 7 17 12 31 21 22 3 4 6 25 18 13 15 24 5 19 11 -1 ] [ 2018 548 5 ] [ 0 0 0 ] # -548 # 2 - 
65) [ 1 16 8 5 4 7 0 17 0 2 25 22 3 28 14 0 12 23 0 15 9 19 10 13 6 30 18 29 31 27 24 11 26 20 21 -1 ] [ 2275 208 5 ] [ 0 0 0 ] # -208 # 2 - 
66) [ 2 9 18 28 16 0 27 0 1 14 0 3 4 31 0 22 26 23 21 6 12 17 20 7 25 15 5 30 8 13 24 11 29 19 10 -1 ] [ 2131 326 5 ] [ 0 0 0 ] # -326 # 2 - 
67) [ 21 16 3 10 0 4 1 0 13 23 28 0 31 19 0 25 20 29 26 17 8 6 12 9 11 5 18 22 24 14 2 30 27 7 15 -1 ] [ 2048 312 5 ] [ 0 0 0 ] # -312 # 2 - 
68) [ 18 31 0 21 16 11 0 27 4 14 23 0 20 0 30 3 28 13 12 15 26 17 7 19 9 6 24 25 10 2 8 22 1 5 29 -1 ] [ 2082 396 5 ] [ 0 0 0 ] # -396 # 2 - 
69) [ 2 0 11 0 26 18 4 0 27 0 15 23 1 25 9 3 8 13 24 17 21 30 28 22 19 14 10 29 7 6 16 5 31 20 12 -1 ] [ 2191 466 5 ] [ 0 0 0 ] # -466 # 2 - 
70) [ 27 0 29 0 9 24 0 6 2 7 4 16 0 22 18 8 3 1 17 20 11 21 14 26 28 25 31 10 12 19 5 13 23 15 30 -1 ] [ 2239 324 5 ] [ 0 0 0 ] # -324 # 2 - 
71) [ 29 2 0 26 31 0 8 18 0 30 4 0 23 17 13 10 16 20 5 6 1 28 15 21 27 11 12 25 22 19 9 14 24 7 3 -1 ] [ 2322 472 5 ] [ 0 0 0 ] # -472 # 2 - 
72) [ 28 0 13 0 24 9 0 25 30 15 0 2 4 31 5 3 10 26 18 12 14 22 17 6 1 29 21 23 27 16 19 20 8 7 11 -1 ] [ 2570 358 5 ] [ 0 0 0 ] # -358 # 2 - 
73) [ 22 11 26 0 28 3 12 0 13 10 17 4 30 0 23 0 16 31 6 9 8 5 7 20 27 15 25 1 2 18 24 29 19 21 14 -1 ] [ 2047 328 5 ] [ 0 0 0 ] # -328 # 2 - 
74) [ 29 0 14 0 23 28 0 18 0 5 10 13 6 3 22 25 2 8 9 16 26 4 1 24 27 31 30 15 11 7 20 21 19 12 17 -1 ] [ 2032 562 5 ] [ 0 0 0 ] # -562 # 2 - 
75) [ 22 19 0 21 0 10 0 23 31 0 14 18 1 12 25 30 26 8 20 5 17 11 29 7 24 16 4 2 15 3 13 9 28 6 27 -1 ] [ 2195 490 5 ] [ 0 0 0 ] # -490 # 2 - 
76) [ 2 17 13 6 24 27 18 0 20 0 10 7 8 19 0 11 0 29 9 16 22 21 14 26 30 28 4 23 15 31 25 12 1 3 5 -1 ] [ 2196 255 5 ] [ 0 0 0 ] # -255 # 3 - 
77) [ 27 0 11 0 7 0 22 0 18 13 20 26 3 29 6 14 28 5 19 25 24 9 10 1 17 23 4 16 21 8 31 12 2 15 30 -1 ] [ 2311 512 5 ] [ 0 0 0 ] # -512 # 2 - 
78) [ 31 16 0 12 0 1 26 0 4 11 0 25 30 19 23 2 13 9 24 6 10 29 8 18 28 20 15 17 14 27 5 3 21 22 7 -1 ] [ 1855 416 5 ] [ 0 0 0 ] # -416 # 2 - 
79) [ 21 30 28 11 0 7 0 6 14 0 18 1 26 4 0 10 17 8 22 25 29 24 31 19 13 9 20 12 15 23 16 27 5 2 3 -1 ] [ 2049 366 5 ] [ 0 0 0 ] # -366 # 2 - 
80) [ 14 0 6 3 0 12 22 0 16 0 30 18 21 13 10 11 23 5 20 15 4 28 29 31 7 19 25 8 17 1 27 26 2 24 9 -1 ] [ 1982 492 5 ] [ 0 0 0 ] # -492 # 2 - 
81) [ 26 27 5 0 30 0 25 9 0 15 10 24 0 7 6 2 4 17 19 13 1 16 28 14 12 3 20 11 22 8 29 23 18 21 31 -1 ] [ 1615 346 5 ] [ 0 0 0 ] # -346 # 2 - 
82) [ 13 1 0 4 16 0 22 0 11 0 25 18 2 27 12 24 26 7 21 23 30 14 17 5 15 19 31 10 8 20 6 28 3 29 9 -1 ] [ 2134 440 5 ] [ 0 0 0 ] # -440 # 2 - 
83) [ 23 30 20 10 17 0 18 19 9 0 27 1 26 0 16 3 6 14 0 15 25 7 13 31 4 24 11 28 29 21 5 2 8 12 22 -1 ] [ 2202 264 5 ] [ 0 0 0 ] # -264 # 2 - 
84) [ 14 0 5 0 15 31 0 29 10 11 0 16 27 4 2 13 18 8 17 30 9 6 21 26 1 23 24 25 28 3 22 12 20 19 7 -1 ] [ 2045 490 5 ] [ 0 0 0 ] # -490 # 2 - 
85) [ 10 0 1 0 25 16 2 19 5 0 12 28 0 6 22 7 17 31 20 3 9 23 15 26 18 30 24 21 27 13 29 8 14 4 11 -1 ] [ 2236 306 5 ] [ 0 0 0 ] # -306 # 2 - 
86) [ 31 18 15 0 8 17 4 2 0 20 0 3 24 10 0 9 25 30 21 22 14 23 1 7 16 29 12 5 19 13 28 27 26 11 6 -1 ] [ 2265 334 5 ] [ 0 0 0 ] # -334 # 2 - 
87) [ 23 0 4 2 22 0 24 5 0 14 25 19 0 26 7 1 29 12 15 21 20 8 6 31 10 17 3 28 18 30 11 16 9 27 13 -1 ] [ 2364 352 5 ] [ 0 0 0 ] # -352 # 2 - 
88) [ 24 8 0 27 12 11 0 18 19 0 2 6 0 5 10 22 9 3 25 23 17 14 20 30 31 1 21 16 13 4 15 26 28 7 29 -1 ] [ 2072 334 5 ] [ 0 0 0 ] # -334 # 2 - 
89) [ 31 30 0 20 24 1 22 0 8 27 0 16 26 9 13 0 14 2 21 5 29 3 17 11 12 25 18 4 6 19 23 15 28 7 10 -1 ] [ 2103 308 5 ] [ 0 0 0 ] # -308 # 2 - 
90) [ 11 23 0 25 0 12 0 1 0 21 9 4 30 20 10 8 6 5 16 2 24 18 28 19 7 27 15 3 31 17 13 14 22 29 26 -1 ] [ 1879 448 5 ] [ 0 0 0 ] # -448 # 2 - 
91) [ 26 0 9 24 27 31 0 20 0 28 21 0 22 1 25 5 2 23 14 7 29 10 18 16 11 8 19 4 13 30 12 15 3 6 17 -1 ] [ 2050 408 5 ] [ 0 0 0 ] # -408 # 2 - 
92) [ 23 1 0 14 6 0 11 0 16 20 18 13 0 5 2 7 12 15 17 10 30 25 27 26 29 4 21 24 22 9 28 19 3 31 8 -1 ] [ 2245 422 5 ] [ 0 0 0 ] # -422 # 2 - 
93) [ 23 31 13 0 18 7 15 0 6 26 12 0 5 1 0 25 28 4 22 24 2 20 27 29 30 10 3 8 21 9 19 11 14 16 17 -1 ] [ 2170 354 5 ] [ 0 0 0 ] # -354 # 2 - 
94) [ 4 7 0 1 0 26 17 5 0 12 0 8 20 24 29 14 3 22 27 15 23 28 9 11 19 18 21 30 13 6 25 31 2 10 16 -1 ] [ 2054 414 5 ] [ 0 0 0 ] # -414 # 2 - 
95) [ 3 19 0 18 7 0 25 0 14 0 10 15 5 28 2 13 9 1 31 22 29 17 8 30 27 6 16 11 20 26 24 4 23 12 21 -1 ] [ 2095 472 5 ] [ 0 0 0 ] # -472 # 2 - 
96) [ 5 26 0 16 19 0 21 17 10 23 20 0 24 9 1 0 8 13 28 14 4 22 15 30 27 18 3 6 11 7 25 31 29 12 2 -1 ] [ 2227 290 5 ] [ 0 0 0 ] # -290 # 2 - 
97) [ 16 24 0 4 26 15 0 13 0 31 17 7 29 0 30 1 28 25 23 27 14 11 21 22 12 9 2 6 5 8 10 19 3 20 18 -1 ] [ 2266 326 5 ] [ 0 0 0 ] # -326 # 2 - 
98) [ 14 0 9 0 5 10 20 11 0 4 12 26 23 0 24 29 7 3 22 27 16 8 18 25 21 30 13 17 28 6 15 1 31 2 19 -1 ] [ 2099 408 5 ] [ 0 0 0 ] # -408 # 2 - 
99) [ 21 14 20 0 15 7 0 30 0 12 22 0 29 9 18 25 27 13 3 28 5 8 19 2 26 11 23 10 4 17 16 6 31 24 1 -1 ] [ 1955 420 5 ] [ 0 0 0 ] # -420 # 2 - 
100) [ 18 3 27 8 0 6 28 1 23 9 10 24 7 0 20 25 13 0 21 0 5 11 17 29 12 19 31 4 14 16 30 22 26 15 2 -1 ] [ 2184 216 5 ] [ 0 0 0 ] # -216 # 3 - 
101) [ 19 5 0 2 0 31 6 0 27 20 30 18 4 3 0 7 13 23 17 16 8 25 28 1 29 9 24 26 14 22 21 11 15 10 12 -1 ] [ 2049 338 5 ] [ 0 0 0 ] # -338 # 2 - 
102) [ 20 0 18 5 0 17 1 31 0 12 26 0 3 24 28 14 10 30 27 19 16 23 4 6 15 25 7 21 13 2 22 8 29 11 9 -1 ] [ 1833 448 5 ] [ 0 0 0 ] # -448 # 2 - 
103) [ 8 11 21 30 0 10 0 24 18 3 0 19 0 4 17 12 27 2 5 7 25 23 20 22 15 14 6 28 1 13 29 9 16 31 26 -1 ] [ 2166 402 5 ] [ 0 0 0 ] # -402 # 2 - 
104) [ 22 1 0 27 11 0 9 3 6 0 10 0 15 7 30 19 14 5 26 12 31 28 25 13 23 18 8 21 29 4 16 17 20 2 24 -1 ] [ 2277 422 5 ] [ 0 0 0 ] # -422 # 2 - 
105) [ 13 0 23 0 8 0 12 3 0 2 26 21 17 16 30 25 18 15 27 31 20 28 22 24 1 5 14 7 9 4 6 10 19 11 29 -1 ] [ 2218 506 5 ] [ 0 0 0 ] # -506 # 2 - 
106) [ 11 26 10 27 0 9 0 23 8 12 24 2 0 15 31 0 30 3 25 18 19 16 14 4 28 7 21 22 20 13 5 6 17 1 29 -1 ] [ 2365 278 5 ] [ 0 0 0 ] # -278 # 2 - 
107) [ 12 0 19 22 6 0 5 14 0 20 0 2 3 9 10 29 17 30 28 26 24 31 7 18 23 1 27 4 16 13 15 25 11 21 8 -1 ] [ 2034 462 5 ] [ 0 0 0 ] # -462 # 2 - 
108) [ 2 26 3 14 0 16 0 1 0 20 0 8 15 6 13 31 21 25 24 17 9 30 19 18 23 28 4 10 22 29 5 12 7 11 27 -1 ] [ 1812 466 5 ] [ 0 0 0 ] # -466 # 2 - 
109) [ 3 27 1 7 22 0 28 0 31 14 0 21 30 0 10 15 25 18 11 17 26 8 16 12 5 4 19 6 9 20 24 2 23 13 29 -1 ] [ 2046 384 5 ] [ 0 0 0 ] # -384 # 2 - 
110) [ 11 1 0 24 18 0 30 15 0 7 0 20 9 28 2 4 26 6 13 5 17 16 23 27 3 8 10 29 21 31 19 25 14 12 22 -1 ] [ 2050 400 5 ] [ 0 0 0 ] # -400 # 2 - 
111) [ 6 27 21 13 0 26 5 0 30 23 0 24 0 18 9 2 14 28 3 25 19 29 1 16 15 4 31 7 22 12 11 20 17 10 8 -1 ] [ 2287 390 5 ] [ 0 0 0 ] # -390 # 2 - 
112) [ 29 0 23 30 10 0 12 11 17 15 31 1 0 26 8 28 24 0 18 21 16 22 27 7 20 4 6 9 19 14 2 3 13 5 25 -1 ] [ 2225 258 5 ] [ 0 0 0 ] # -258 # 3 - 
113) [ 19 26 0 25 11 0 2 0 22 0 29 28 10 3 1 9 21 4 7 12 31 16 15 20 13 17 24 30 6 5 18 8 23 14 27 -1 ] [ 2169 442 5 ] [ 0 0 0 ] # -442 # 2 - 
114) [ 29 0 16 17 0 8 0 5 31 0 24 2 4 18 10 21 20 3 12 11 19 6 23 13 25 7 27 28 22 14 30 15 1 9 26 -1 ] [ 2340 498 5 ] [ 0 0 0 ] # -498 # 2 - 
115) [ 30 20 21 26 0 1 19 5 16 0 15 29 4 0 31 12 0 10 17 22 3 7 14 25 28 23 9 2 6 8 27 24 13 11 18 -1 ] [ 1982 266 5 ] [ 0 0 0 ] # -266 # 2 - 
116) [ 18 24 12 17 0 3 0 14 0 27 8 25 5 0 9 19 30 31 29 1 11 23 20 6 13 22 7 15 10 4 2 26 21 28 16 -1 ] [ 2182 358 5 ] [ 0 0 0 ] # -358 # 2 - 
117) [ 14 9 0 3 1 0 21 25 0 16 0 28 2 20 23 8 10 26 29 18 5 22 31 7 6 15 17 27 4 13 19 12 24 11 30 -1 ] [ 2194 424 5 ] [ 0 0 0 ] # -424 # 2 - 
118) [ 17 13 9 0 21 11 0 3 0 27 0 25 6 2 4 14 16 12 10 30 19 7 23 29 28 22 5 8 15 24 20 26 1 18 31 -1 ] [ 2104 414 5 ] [ 0 0 0 ] # -414 # 2 - 
119) [ 5 0 18 31 0 17 24 2 0 15 0 29 21 22 16 9 12 28 3 23 1 27 10 13 11 25 20 14 26 7 4 30 8 6 19 -1 ] [ 2378 414 5 ] [ 0 0 0 ] # -414 # 2 - 
120) [ 23 4 21 0 17 18 5 7 0 10 0 2 26 13 28 0 15 20 27 22 8 3 14 30 11 31 24 9 29 25 16 19 12 6 1 -1 ] [ 2097 332 5 ] [ 0 0 0 ] # -332 # 2 - 
121) [ 19 28 22 0 25 0 15 13 0 31 0 30 9 1 20 3 7 12 17 26 24 10 11 16 8 5 23 6 14 4 21 18 2 27 29 -1 ] [ 2271 392 5 ] [ 0 0 0 ] # -392 # 2 - 
122) [ 9 2 19 26 14 0 29 0 8 15 0 6 0 25 1 11 23 10 18 21 5 7 3 13 31 28 22 24 17 27 20 30 12 16 4 -1 ] [ 2135 404 5 ] [ 0 0 0 ] # -404 # 2 - 
123) [ 24 0 15 11 0 31 26 25 5 3 0 27 16 10 20 0 28 7 21 22 19 9 23 30 8 18 14 13 1 12 4 2 29 6 17 -1 ] [ 2089 296 5 ] [ 0 0 0 ] # -296 # 2 - 
124) [ 31 8 0 15 29 23 0 30 4 13 0 21 0 11 27 14 10 9 28 6 3 24 25 17 5 20 19 12 1 16 2 18 7 22 26 -1 ] [ 2118 404 5 ] [ 0 0 0 ] # -404 # 2 - 
125) [ 9 0 5 0 10 14 0 23 20 2 19 31 0 16 27 22 13 7 17 28 21 8 6 15 24 18 11 25 30 12 29 26 4 1 3 -1 ] [ 2194 412 5 ] [ 0 0 0 ] # -412 # 2 - 
126) [ 29 0 23 0 16 6 11 0 22 5 0 18 17 27 19 4 21 12 20 10 26 3 30 1 14 13 31 25 2 7 9 15 24 8 28 -1 ] [ 2238 490 5 ] [ 0 0 0 ] # -490 # 2 - 
127) [ 17 0 15 21 30 11 0 7 6 0 18 5 23 0 19 27 9 3 12 22 4 1 14 28 26 2 31 16 10 8 29 25 24 20 13 -1 ] [ 2317 370 5 ] [ 0 0 0 ] # -370 # 2 - 
128) [ 10 0 19 11 0 23 8 3 12 0 22 0 30 9 20 25 24 4 15 17 26 29 28 6 31 27 1 5 18 14 16 21 7 13 2 -1 ] [ 2145 438 5 ] [ 0 0 0 ] # -438 # 2 - 
129) [ 11 12 4 0 18 31 0 3 10 0 1 20 30 0 28 17 29 16 5 21 25 13 24 7 27 6 22 23 15 8 9 26 2 14 19 -1 ] [ 2481 382 5 ] [ 0 0 0 ] # -382 # 2 - 
130) [ 24 0 29 0 16 0 5 22 20 0 8 14 12 21 2 4 9 31 11 27 13 23 28 18 6 25 3 7 10 17 30 15 26 1 19 -1 ] [ 2021 494 5 ] [ 0 0 0 ] # -494 # 2 - 
131) [ 31 0 22 6 0 19 14 15 0 3 0 11 24 28 23 9 17 26 13 1 2 25 4 12 20 21 30 5 7 8 16 27 29 18 10 -1 ] [ 2357 460 5 ] [ 0 0 0 ] # -460 # 2 - 
132) [ 30 23 0 26 15 0 29 8 0 5 0 31 7 10 11 28 9 25 22 27 20 3 18 14 19 13 2 16 1 6 17 21 24 4 12 -1 ] [ 1897 498 5 ] [ 0 0 0 ] # -498 # 2 - 
133) [ 15 0 27 6 16 0 22 17 7 5 0 25 14 13 23 0 30 10 19 31 2 3 21 8 18 12 24 20 9 4 1 11 26 29 28 -1 ] [ 2097 282 5 ] [ 0 0 0 ] # -282 # 2 - 
134) [ 23 0 9 0 26 19 0 16 0 29 18 4 8 10 21 3 24 2 20 25 13 15 1 27 22 12 30 31 6 7 17 11 5 28 14 -1 ] [ 2148 484 5 ] [ 0 0 0 ] # -484 # 2 - 
135) [ 28 22 0 31 25 0 23 8 1 0 29 13 0 30 18 26 2 21 17 5 4 20 27 9 10 14 16 24 19 12 6 11 3 15 7 -1 ] [ 2169 414 5 ] [ 0 0 0 ] # -414 # 2 - 
136) [ 28 20 0 9 0 23 14 0 12 0 30 5 22 3 7 27 8 2 15 25 4 18 13 31 19 10 29 17 16 6 21 11 26 1 24 -1 ] [ 1925 478 5 ] [ 0 0 0 ] # -478 # 2 - 
137) [ 14 0 6 31 30 10 24 5 0 23 0 27 0 25 13 20 2 7 11 26 18 9 16 21 3 4 1 12 29 15 22 17 19 28 8 -1 ] [ 2006 410 5 ] [ 0 0 0 ] # -410 # 2 - 
138) [ 17 0 19 15 0 5 10 6 0 18 22 0 11 8 24 9 25 16 13 20 2 28 1 21 3 27 4 31 23 29 26 14 7 30 12 -1 ] [ 2092 426 5 ] [ 0 0 0 ] # -426 # 2 - 
139) [ 26 16 0 11 19 15 0 10 31 6 0 2 17 18 23 0 1 20 30 25 14 5 27 13 24 8 7 28 4 3 22 29 21 9 12 -1 ] [ 2175 304 5 ] [ 0 0 0 ] # -304 # 2 - 
140) [ 31 17 20 30 10 4 0 7 19 0 3 13 9 0 1 27 26 21 29 0 11 22 24 14 28 8 16 12 15 5 25 18 2 23 6 -1 ] [ 1939 200 5 ] [ 0 0 0 ] # -200 # 2 - 
141) [ 7 11 0 27 0 18 30 0 20 0 3 31 6 13 15 4 14 16 12 17 21 5 2 1 22 23 24 9 19 29 8 26 10 25 28 -1 ] [ 2124 474 5 ] [ 0 0 0 ] # -474 # 2 - 
142) [ 30 18 4 0 6 0 21 27 0 31 2 28 8 0 17 19 16 3 12 5 7 25 14 23 22 9 15 10 11 13 20 24 26 29 1 -1 ] [ 1892 362 5 ] [ 0 0 0 ] # -362 # 2 - 
143) [ 9 4 19 0 3 2 0 15 6 21 0 12 24 0 26 29 14 11 27 28 20 23 22 5 18 10 13 7 31 25 16 8 17 30 1 -1 ] [ 2143 266 5 ] [ 0 0 0 ] # -266 # 2 - 
144) [ 7 2 12 0 4 0 20 15 30 0 18 0 19 8 14 24 31 29 28 5 23 11 10 6 1 25 22 13 26 27 3 9 21 16 17 -1 ] [ 2220 376 5 ] [ 0 0 0 ] # -376 # 2 - 
145) [ 31 22 0 25 0 10 3 0 24 11 0 16 6 20 23 27 7 17 4 5 26 28 18 13 30 2 12 8 1 9 19 15 21 29 14 -1 ] [ 2497 442 5 ] [ 0 0 0 ] # -442 # 2 - 
146) [ 13 6 0 24 21 18 0 1 8 5 0 15 0 29 28 31 10 26 2 25 20 30 14 7 4 9 19 16 12 23 27 3 17 22 11 -1 ] [ 2210 382 5 ] [ 0 0 0 ] # -382 # 2 - 
147) [ 30 2 0 10 14 21 0 16 0 28 23 29 26 19 0 18 7 1 20 13 9 17 25 24 27 22 8 11 6 4 12 31 3 15 5 -1 ] [ 2070 366 5 ] [ 0 0 0 ] # -366 # 2 - 
148) [ 2 8 9 0 22 0 28 0 17 0 19 4 31 20 27 26 14 6 11 7 21 10 15 5 3 25 18 23 29 24 16 13 1 30 12 -1 ] [ 2021 458 5 ] [ 0 0 0 ] # -458 # 2 - 
149) [ 15 20 0 24 31 30 1 0 13 0 26 2 0 7 3 28 6 25 21 17 8 22 27 10 16 12 4 5 9 18 19 14 23 11 29 -1 ] [ 1932 350 5 ] [ 0 0 0 ] # -350 # 2 - 
150) [ 10 0 14 0 1 27 0 2 6 22 21 0 19 8 4 15 7 24 28 17 31 30 20 12 26 13 16 25 29 9 11 18 23 3 5 -1 ] [ 1758 422 5 ] [ 0 0 0 ] # -422 # 2 - 
151) [ 24 0 30 0 23 17 5 2 6 26 0 7 15 0 12 13 9 18 14 3 29 1 31 28 21 27 20 4 10 22 8 16 19 11 25 -1 ] [ 1991 330 5 ] [ 0 0 0 ] # -330 # 2 - 
152) [ 26 0 4 22 0 13 25 0 5 0 20 7 23 9 17 14 30 11 15 3 16 8 12 28 21 27 18 10 6 2 24 29 19 1 31 -1 ] [ 2224 476 5 ] [ 0 0 0 ] # -476 # 2 - 
153) [ 3 8 7 0 2 12 9 10 27 23 20 0 30 0 5 13 0 18 21 4 16 6 24 15 22 11 14 25 17 1 26 19 31 29 28 -1 ] [ 2107 288 5 ] [ 0 0 0 ] # -288 # 3 - 
154) [ 21 1 16 0 23 27 0 15 6 4 5 0 10 7 24 0 31 29 14 8 26 12 25 2 11 18 30 17 9 20 3 22 19 13 28 -1 ] [ 2210 250 5 ] [ 0 0 0 ] # -250 # 2 - 
155) [ 12 20 6 23 10 22 13 0 8 24 0 29 19 28 0 18 0 15 9 11 31 26 5 2 16 7 17 21 3 4 30 14 25 1 27 -1 ] [ 2071 322 5 ] [ 0 0 0 ] # -322 # 2 - 
156) [ 24 0 15 20 0 14 0 12 16 8 1 3 0 9 30 13 19 29 17 22 5 2 11 27 31 6 21 23 10 7 18 28 25 4 26 -1 ] [ 2159 366 5 ] [ 0 0 0 ] # -366 # 2 - 
157) [ 10 0 28 0 23 31 4 6 15 26 0 19 20 0 27 24 12 3 29 17 14 21 9 7 22 30 2 1 16 11 25 13 5 18 8 -1 ] [ 2401 366 5 ] [ 0 0 0 ] # -366 # 2 - 
158) [ 7 0 8 24 0 4 5 0 14 0 15 20 26 19 13 3 1 22 18 10 12 27 21 11 16 30 28 2 29 6 23 25 17 31 9 -1 ] [ 2142 470 5 ] [ 0 0 0 ] # -470 # 2 - 
159) [ 6 18 1 0 23 0 11 19 30 7 29 0 21 0 10 16 3 13 17 9 8 22 15 14 25 27 31 24 20 5 26 2 28 12 4 -1 ] [ 2141 376 5 ] [ 0 0 0 ] # -376 # 2 - 
160) [ 26 6 0 8 0 2 0 14 21 30 0 16 15 12 17 5 22 13 23 19 20 11 10 25 9 4 1 3 24 29 31 18 7 27 28 -1 ] [ 2242 480 5 ] [ 0 0 0 ] # -480 # 2 - 
161) [ 16 1 13 0 6 0 24 26 2 0 20 11 0 7 21 15 14 22 9 5 25 8 28 31 23 27 17 10 12 30 3 18 29 4 19 -1 ] [ 1949 352 5 ] [ 0 0 0 ] # -352 # 2 - 
162) [ 21 0 14 9 18 17 0 2 0 16 8 0 29 15 11 22 20 13 4 5 23 27 25 19 10 6 30 26 1 24 28 12 7 31 3 -1 ] [ 2156 428 5 ] [ 0 0 0 ] # -428 # 2 - 
163) [ 31 0 13 2 18 11 16 0 23 21 0 14 25 0 4 27 20 30 26 6 9 29 17 10 3 1 15 5 7 12 22 8 28 19 24 -1 ] [ 2047 368 5 ] [ 0 0 0 ] # -368 # 2 - 
164) [ 20 0 15 9 25 21 0 26 0 29 0 23 17 14 27 22 24 3 6 30 1 7 2 19 18 28 13 31 4 12 5 8 10 16 11 -1 ] [ 2003 448 5 ] [ 0 0 0 ] # -448 # 2 - 
165) [ 9 0 28 29 0 23 20 0 15 8 19 0 12 22 24 18 4 10 6 30 2 25 11 3 14 16 26 1 31 27 21 5 7 17 13 -1 ] [ 2187 418 5 ] [ 0 0 0 ] # -418 # 2 - 
166) [ 27 28 0 21 0 2 0 20 25 0 7 5 3 30 19 17 1 31 6 9 18 16 29 22 4 8 24 23 11 26 13 15 12 10 14 -1 ] [ 2009 420 5 ] [ 0 0 0 ] # -420 # 2 - 
167) [ 20 0 4 30 0 29 0 14 17 16 0 23 31 1 11 26 10 18 15 21 24 28 6 25 7 2 5 8 19 13 27 3 22 12 9 -1 ] [ 2298 454 5 ] [ 0 0 0 ] # -454 # 2 - 
168) [ 12 0 13 0 24 0 15 0 28 6 7 17 4 25 8 10 18 16 5 26 23 19 11 20 9 29 21 31 27 2 1 30 22 3 14 -1 ] [ 2060 454 5 ] [ 0 0 0 ] # -454 # 2 - 
169) [ 3 0 27 22 6 0 18 0 2 25 0 24 4 8 16 28 20 10 19 9 15 23 26 1 7 11 14 29 31 13 17 30 5 21 12 -1 ] [ 2196 444 5 ] [ 0 0 0 ] # -444 # 2 - 
170) [ 29 0 16 0 22 0 14 9 0 11 23 30 25 3 27 15 5 7 8 26 18 17 19 13 1 28 4 2 21 12 6 24 10 20 31 -1 ] [ 2050 534 5 ] [ 0 0 0 ] # -534 # 2 - 
171) [ 27 0 7 3 0 25 26 0 9 5 0 28 17 6 10 19 21 15 13 1 12 18 11 14 23 4 2 16 30 31 8 22 29 24 20 -1 ] [ 1903 438 5 ] [ 0 0 0 ] # -438 # 2 - 
172) [ 31 3 0 28 0 21 0 23 29 0 19 9 22 1 15 2 4 11 18 27 7 6 8 13 14 5 26 20 12 30 25 24 17 10 16 -1 ] [ 2171 516 5 ] [ 0 0 0 ] # -516 # 2 - 
173) [ 3 14 0 1 0 17 0 5 21 0 11 15 20 16 24 7 9 26 29 6 13 12 27 2 23 30 19 10 25 28 8 4 31 22 18 -1 ] [ 2032 488 5 ] [ 0 0 0 ] # -488 # 2 - 
174) [ 13 1 0 5 28 0 29 26 31 22 0 24 14 11 0 15 25 16 12 19 4 21 7 3 18 23 30 8 27 2 10 9 6 17 20 -1 ] [ 2105 390 5 ] [ 0 0 0 ] # -390 # 2 - 
175) [ 2 0 29 0 10 1 4 0 31 0 15 27 20 14 6 28 5 24 12 3 21 25 16 22 8 30 7 23 13 26 17 11 19 18 9 -1 ] [ 2286 464 5 ] [ 0 0 0 ] # -464 # 2 - 
176) [ 13 17 0 2 0 16 4 28 0 12 0 1 25 22 19 15 6 7 24 14 27 20 21 30 8 10 9 3 26 23 5 11 31 29 18 -1 ] [ 2109 362 5 ] [ 0 0 0 ] # -362 # 2 - 
177) [ 5 29 0 2 19 31 0 27 8 0 16 0 28 26 22 13 10 15 14 17 21 24 4 18 1 9 23 6 25 7 11 12 3 30 20 -1 ] [ 2114 406 5 ] [ 0 0 0 ] # -406 # 2 - 
178) [ 17 0 23 13 18 28 21 22 5 0 2 0 31 0 7 4 15 10 11 24 14 20 3 25 12 1 30 8 16 27 26 9 29 19 6 -1 ] [ 2158 396 5 ] [ 0 0 0 ] # -396 # 2 - 
179) [ 3 12 22 27 5 25 0 10 0 6 14 28 0 8 0 7 9 23 30 20 17 16 21 24 2 29 31 15 26 13 18 19 11 1 4 -1 ] [ 2487 368 5 ] [ 0 0 0 ] # -368 # 2 - 
180) [ 12 0 7 28 26 22 11 0 30 4 14 0 23 5 0 19 9 6 21 15 25 18 1 13 10 8 27 29 31 24 2 20 16 17 3 -1 ] [ 2235 374 5 ] [ 0 0 0 ] # -374 # 2 - 
181) [ 28 0 11 27 30 6 14 19 7 0 23 0 29 0 24 2 31 20 26 25 15 8 21 12 1 3 10 5 16 4 22 18 9 17 13 -1 ] [ 2006 367 5 ] [ 0 0 0 ] # -367 # 3 - 
182) [ 23 0 5 0 21 1 0 25 17 0 11 2 20 28 10 16 18 3 12 15 19 9 6 4 7 27 8 30 29 31 14 13 22 26 24 -1 ] [ 2475 442 5 ] [ 0 0 0 ] # -442 # 2 - 
183) [ 18 8 15 17 0 16 13 0 26 0 24 22 10 0 2 5 28 1 25 4 9 30 31 11 23 21 3 29 19 7 14 20 6 27 12 -1 ] [ 2030 380 5 ] [ 0 0 0 ] # -380 # 2 - 
184) [ 31 17 13 0 3 0 12 9 27 0 10 1 0 28 21 19 7 16 4 2 5 8 26 23 15 29 11 25 30 6 24 14 18 20 22 -1 ] [ 2038 352 5 ] [ 0 0 0 ] # -352 # 2 - 
185) [ 23 0 20 0 11 0 6 0 1 21 10 2 19 9 22 16 3 25 12 17 29 18 13 5 4 30 14 24 7 28 15 26 31 8 27 -1 ] [ 2286 536 5 ] [ 0 0 0 ] # -536 # 2 - 
186) [ 15 22 17 0 11 31 28 0 26 29 0 21 24 13 9 0 2 23 1 18 20 12 6 3 4 7 30 8 19 27 10 5 14 16 25 -1 ] [ 2239 310 5 ] [ 0 0 0 ] # -310 # 2 - 
187) [ 2 0 15 26 0 22 0 23 0 5 19 20 14 29 3 25 13 27 31 24 12 8 21 6 7 30 9 11 1 4 18 10 17 28 16 -1 ] [ 2442 506 5 ] [ 0 0 0 ] # -506 # 2 - 
188) [ 5 15 25 28 21 0 7 17 24 27 0 3 0 11 0 29 26 30 23 20 12 19 10 4 1 31 6 22 16 18 2 14 13 9 8 -1 ] [ 2178 262 5 ] [ 0 0 0 ] # -262 # 2 - 
189) [ 8 24 0 6 0 19 0 2 28 0 14 10 27 17 21 5 9 25 11 30 23 7 18 20 3 15 26 13 31 16 22 1 4 12 29 -1 ] [ 2343 416 5 ] [ 0 0 0 ] # -416 # 2 - 
190) [ 30 0 29 10 0 8 0 18 0 5 25 1 4 12 11 22 20 28 24 9 31 14 26 13 6 21 23 3 17 19 7 15 27 2 16 -1 ] [ 2016 558 5 ] [ 0 0 0 ] # -558 # 2 - 
191) [ 11 29 24 6 22 3 0 20 15 0 13 0 21 0 17 14 12 27 28 26 5 19 30 8 18 23 31 16 7 9 4 25 2 10 1 -1 ] [ 2178 380 5 ] [ 0 0 0 ] # -380 # 2 - 
192) [ 11 30 0 14 0 25 19 31 21 0 15 12 0 17 7 8 6 26 9 20 27 3 1 10 24 13 16 22 29 5 28 18 4 2 23 -1 ] [ 1922 334 5 ] [ 0 0 0 ] # -334 # 2 - 
193) [ 20 2 0 15 22 9 23 26 0 5 0 13 0 27 11 19 6 16 24 12 30 14 18 4 28 17 25 21 7 10 8 3 31 1 29 -1 ] [ 1887 412 5 ] [ 0 0 0 ] # -412 # 2 - 
194) [ 5 28 0 21 31 0 27 8 7 0 18 0 17 10 14 12 1 2 25 26 29 22 6 30 15 11 13 20 19 4 16 9 24 3 23 -1 ] [ 2296 448 5 ] [ 0 0 0 ] # -448 # 2 - 
195) [ 12 0 19 0 29 0 23 1 16 7 14 0 18 2 6 17 13 26 4 30 22 15 5 10 25 27 9 3 8 11 21 20 24 31 28 -1 ] [ 1827 398 5 ] [ 0 0 0 ] # -398 # 2 - 
196) [ 14 0 17 22 2 0 10 0 6 15 11 0 30 19 7 23 24 28 16 1 18 26 20 29 5 21 12 13 31 4 27 9 25 8 3 -1 ] [ 2070 414 5 ] [ 0 0 0 ] # -414 # 2 - 
197) [ 23 29 0 18 0 19 10 0 11 17 14 6 24 0 9 21 3 2 15 13 30 25 20 27 8 1 28 4 26 7 12 16 22 31 5 -1 ] [ 2275 390 5 ] [ 0 0 0 ] # -390 # 2 - 
198) [ 19 11 0 23 0 29 31 14 0 10 26 15 0 9 17 30 25 16 5 13 7 24 21 20 8 12 1 4 2 3 6 28 27 22 18 -1 ] [ 2355 436 5 ] [ 0 0 0 ] # -436 # 2 - 
199) [ 17 0 4 24 0 19 28 0 15 0 31 29 13 22 26 23 16 2 8 25 20 10 9 11 5 18 30 27 12 14 3 1 7 21 6 -1 ] [ 2179 374 5 ] [ 0 0 0 ] # -374 # 2 - 
200) [ 3 5 8 0 17 31 15 0 14 12 0 27 0 26 9 13 7 18 4 1 2 24 6 10 22 30 29 23 28 16 11 19 25 20 21 -1 ] [ 2194 394 5 ] [ 0 0 0 ] # -394 # 2 - 