100
1) [ 29 0 11 18 17 16 0 28 23 19 12 0 22 0 6 14 25 27 7 4 8 3 20 30 2 15 13 31 26 21 1 5 9 24 10 -1 ] [ 2040 368 ] [ 0 0 ] # -368 # 2 - 
2) [ 31 18 28 22 23 12 0 21 0 6 19 0 17 11 0 5 30 3 4 15 26 24 7 25 2 29 8 10 16 20 13 1 9 14 27 -1 ] [ 2135 342 ] [ 0 0 ] # -342 # 2 - 
3) [ 9 31 5 25 0 15 29.5 1 3.5 0 18 11 31 14.5 7 1 4 29 0 8 11 3 18 18 5 16.5 12 4.5 18 0.5 16 6 22 13.5 10 -1 ] [ 2132 -0 ] [ 0 0 ] # 0 # 0 - 
4) [ 28 22 23 3 0 2 5 25 10 7 0 11 6 0 24 31 12 0 4 19 8 17 9 30 1 29 13 18 16 14 26 20 27 15 21 -1 ] [ 2147 242 ] [ 0 0 ] # -242 # 2 - 
5) [ 15 6 0 10 0 3 30 0 19 25 24 28 0 16 20 26 18 23 4 21 1 14 12 29 5 2 11 27 13 7 9 22 17 8 31 -1 ] [ 2169 322 ] [ 0 0 ] # -322 # 2 - 
6) [ 12 24 6 0 25 1 0 15 22 0 4 28 0 26 23 27 30 8 18 29 13 21 14 3 10 5 7 20 17 11 31 19 9 16 2 -1 ] [ 2113 300 ] [ 0 0 ] # -300 # 2 - 
7) [ 10 21 18 28 0 4 25 0 7 29 0 5 14 0 3 12 6 30 16 15 8 2 11 24 13 31 9 26 22 1 20 17 27 23 19 -1 ] [ 2315 406 ] [ 0 0 ] # -406 # 2 - 
8) [ 10 0 30 15 0 17 0 7 20 21 24 28 13 0 6 12 5 25 3 23 1 4 19 31 18 2 16 22 11 9 26 8 27 14 29 -1 ] [ 2118 312 ] [ 0 0 ] # -312 # 2 - 
9) [ 30 0 6 0 8 27 24 0 9 5 0 23 2 7 3 1 29 4 12 11 21 26 17 14 15 18 10 19 13 22 16 31 28 25 20 -1 ] [ 2096 422 ] [ 0 0 ] # -422 # 2 - 
10) [ 8 12 16 0 14 9 11 22 15 0 30 25 0 31 26 0 2 20 5 24 3 1 6 27 18 21 29 17 23 28 19 13 7 10 4 -1 ] [ 1984 314 ] [ 0 0 ] # -314 # 2 - 
11) [ 29 0 11 18 17 16 0 28 23 19 12 0 22 0 6 14 25 27 7 4 8 3 20 30 2 15 13 31 26 21 1 5 9 24 10 -1 ] [ 2040 368 ] [ 0 0 ] # -368 # 2 - 
12) [ 28 1 30 5 0 23 0 2 7 0 26 0 15 25 20 3 9 24 29 12 8 14 31 22 11 10 21 19 17 16 4 6 13 18 27 -1 ] [ 2049 416 ] [ 0 0 ] # -416 # 2 - 
13) [ 31 21.5 3 2 0.5 15 16.5 29 15.5 0 27 1.5 23.5 10.5 3 1 26 20 0 12.5 9 14 11 23 5 5 13 0.5 30.5 1 30.5 26.5 13.5 13 21.5 -1 ] [ 1711 -0 ] [ 0 0 ] # 0 # 0 - 
14) [ 28 22 23 3 0 2 5 25 10 7 0 11 6 0 24 31 12 0 4 19 8 17 9 30 1 29 13 18 16 14 26 20 27 15 21 -1 ] [ 2147 242 ] [ 0 0 ] # -242 # 2 - 
15) [ 15 6 0 10 0 3 30 0 19 25 24 28 0 16 20 26 18 23 4 21 1 14 12 29 5 2 11 27 13 7 9 22 17 8 31 -1 ] [ 2169 322 ] [ 0 0 ] # -322 # 2 - 
16) [ 12 24 6 0 25 1 0 15 22 0 4 28 0 26 23 27 30 8 18 29 13 21 14 3 10 5 7 20 17 11 31 19 9 16 2 -1 ] [ 2113 300 ] [ 0 0 ] # -300 # 2 - 
17) [ 10 21 18 28 0 4 25 0 7 29 0 5 14 0 3 12 6 30 16 15 8 2 11 24 13 31 9 26 22 1 20 17 27 23 19 -1 ] [ 2315 406 ] [ 0 0 ] # -406 # 2 - 
18) [ 10 0 30 15 0 17 0 7 20 21 24 28 13 0 6 12 5 25 3 23 1 4 19 31 18 2 16 22 11 9 26 8 27 14 29 -1 ] [ 2118 312 ] [ 0 0 ] # -312 # 2 - 
19) [ 16 6 17 0 9 12 13 0 24 0 10 0 4 8 18 1 27 30 21 20 29 31 19 15 28 7 26 23 25 14 2 11 22 3 5 -1 ] [ 2009 352 ] [ 0 0 ] # -352 # 2 - 
20) [ 8 12 16 0 14 9 11 22 15 0 30 25 0 31 26 0 2 20 5 24 3 1 6 27 18 21 29 17 23 28 19 13 7 10 4 -1 ] [ 1984 314 ] [ 0 0 ] # -314 # 2 - 
21) [ 29 0 11 18 17 16 0 28 23 19 12 0 22 0 6 14 25 27 7 4 8 3 20 30 2 15 13 31 26 21 1 5 9 24 10 -1 ] [ 2040 368 ] [ 0 0 ] # -368 # 2 - 
22) [ 16 0 4 0 9 30 15 18 0 23 0 31 19 11 26 10 2 6 17 29 12 14 25 21 28 22 3 1 8 24 5 13 20 7 27 -1 ] [ 2371 424 ] [ 0 0 ] # -424 # 2 - 
23) [ 9 31 10 2 0 15 25 7 27 0 4 11 0 30 23 1 26 29 0 8 17 3 20 14 5 6 28 24 18 19 16 12 22 13 21 -1 ] [ 2237 192 ] [ 0 0 ] # -192 # 2 - 
24) [ 28 22 23 3 0 2 5 25 10 7 0 11 6 0 24 31 12 0 4 19 8 17 9 30 1 29 13 18 16 14 26 20 27 15 21 -1 ] [ 2147 242 ] [ 0 0 ] # -242 # 2 - 
25) [ 15 6 0 10 0 3 30 0 19 25 24 28 0 16 20 26 18 23 4 21 1 14 12 29 5 2 11 27 13 7 9 22 17 8 31 -1 ] [ 2169 322 ] [ 0 0 ] # -322 # 2 - 
26) [ 12 24 6 0 25 1 0 15 22 0 4 28 0 26 23 27 30 8 18 29 13 21 14 3 10 5 7 20 17 11 31 19 9 16 2 -1 ] [ 2113 300 ] [ 0 0 ] # -300 # 2 - 
27) [ 10 21 18 28 0 4 25 0 7 29 0 5 14 0 3 12 6 30 16 15 8 2 11 24 13 31 9 26 22 1 20 17 27 23 19 -1 ] [ 2315 406 ] [ 0 0 ] # -406 # 2 - 
28) [ 10 0 30 15 0 17 0 7 20 21 24 28 13 0 6 12 5 25 3 23 1 4 19 31 18 2 16 22 11 9 26 8 27 14 29 -1 ] [ 2118 312 ] [ 0 0 ] # -312 # 2 - 
29) [ 5 0 23 0 12 26 0 7 1 28 3 0 25 8 22 16 4 17 15 30 9 29 31 18 21 10 27 14 6 11 13 2 24 20 19 -1 ] [ 2219 432 ] [ 0 0 ] # -432 # 2 - 
30) [ 8 12 16 0 14 9 11 22 15 0 30 25 0 31 26 0 2 20 5 24 3 1 6 27 18 21 29 17 23 28 19 13 7 10 4 -1 ] [ 1984 314 ] [ 0 0 ] # -314 # 2 - 
31) [ 29 0 11 18 17 16 0 28 23 19 12 0 22 0 6 14 25 27 7 4 8 3 20 30 2 15 13 31 26 21 1 5 9 24 10 -1 ] [ 2040 368 ] [ 0 0 ] # -368 # 2 - 
32) [ 1 31 0 23 0 28 11 0 19 7 30 12 0 24 29 9 26 18 20 27 5 25 2 21 10 16 3 4 14 13 8 6 15 17 22 -1 ] [ 2114 340 ] [ 0 0 ] # -340 # 2 - 
33) [ 9 31 10 2 0 15 25 7 27 0 4 11 0 30 23 1 26 29 0 8 17 3 20 14 5 6 28 24 18 19 16 12 22 13 21 -1 ] [ 2237 192 ] [ 0 0 ] # -192 # 2 - 
34) [ 28 22 23 3 0 2 5 25 10 7 0 11 6 0 24 31 12 0 4 19 8 17 9 30 1 29 13 18 16 14 26 20 27 15 21 -1 ] [ 2147 242 ] [ 0 0 ] # -242 # 2 - 
35) [ 15 6 0 10 0 3 30 0 19 25 24 28 0 16 20 26 18 23 4 21 1 14 12 29 5 2 11 27 13 7 9 22 17 8 31 -1 ] [ 2169 322 ] [ 0 0 ] # -322 # 2 - 
36) [ 12 24 6 0 25 1 0 15 22 0 4 28 0 26 23 27 30 8 18 29 13 21 14 3 10 5 7 20 17 11 31 19 9 16 2 -1 ] [ 2113 300 ] [ 0 0 ] # -300 # 2 - 
37) [ 10 21 18 28 0 4 25 0 7 29 0 5 14 0 3 12 6 30 16 15 8 2 11 24 13 31 9 26 22 1 20 17 27 23 19 -1 ] [ 2315 406 ] [ 0 0 ] # -406 # 2 - 
38) [ 10 0 30 15 0 17 0 7 20 21 24 28 13 0 6 12 5 25 3 23 1 4 19 31 18 2 16 22 11 9 26 8 27 14 29 -1 ] [ 2118 312 ] [ 0 0 ] # -312 # 2 - 
39) [ 24 29 0 20 25 0 17 0 8 0 1 22 13 30 6 28 12 5 18 7 16 27 11 19 26 2 9 3 4 14 31 21 10 23 15 -1 ] [ 2184 454 ] [ 0 0 ] # -454 # 2 - 
40) [ 8 12 16 0 14 9 11 22 15 0 30 25 0 31 26 0 2 20 5 24 3 1 6 27 18 21 29 17 23 28 19 13 7 10 4 -1 ] [ 1984 314 ] [ 0 0 ] # -314 # 2 - 
41) [ 29 0 11 18 17 16 0 28 23 19 12 0 22 0 6 14 25 27 7 4 8 3 20 30 2 15 13 31 26 21 1 5 9 24 10 -1 ] [ 2040 368 ] [ 0 0 ] # -368 # 2 - 
42) [ 29 17 13 0 16 0 28 0 8 0 6 18 11 15 25 20 5 21 24 9 10 22 26 2 7 1 23 19 3 12 30 31 14 4 27 -1 ] [ 1935 468 ] [ 0 0 ] # -468 # 2 - 
43) [ 20 0 31 28 0 9 8 30 4 0 25 0 17 27 24 14 11 5 16 29 13 21 26 10 15 3 1 7 2 23 22 19 12 6 18 -1 ] [ 2092 398 ] [ 0 0 ] # -398 # 2 - 
44) [ 1 0 19 31 23 8 6 0 4 0 3 20 0 5 26 24 17 2 11 10 29 12 9 7 14 16 18 13 28 22 30 25 15 21 27 -1 ] [ 2061 398 ] [ 0 0 ] # -398 # 2 - 
45) [ 21 23 0 25 10 0 24 5 0 2 28 0 22 11 29 8 18 17 12 7 16 3 20 6 13 30 1 27 26 19 4 9 31 14 15 -1 ] [ 1913 382 ] [ 0 0 ] # -382 # 2 - 
46) [ 9 0 15 18 23 0 26 7 0 12 0 27 16 6 11 28 13 10 30 25 3 5 14 24 4 31 20 2 22 8 21 19 17 29 1 -1 ] [ 2009 448 ] [ 0 0 ] # -448 # 2 - 
47) [ 21 29 11 0 10 5 0 19 28 12 26 0 8 0 4 31 27 24 13 7 14 3 25 15 16 17 30 6 23 2 9 20 1 22 18 -1 ] [ 2115 398 ] [ 0 0 ] # -398 # 2 - 
48) [ 26 0 11 0 13 30 0 9 0 6 2 21 8 31 25 4 3 19 14 27 1 16 20 29 18 10 15 17 28 12 7 23 24 5 22 -1 ] [ 2021 496 ] [ 0 0 ] # -496 # 2 - 
49) [ 24 0 4 0 13 0 26 8 0 29 2 28 11 23 9 3 12 30 18 7 27 14 10 1 5 21 17 6 22 31 15 20 19 16 25 -1 ] [ 2163 486 ] [ 0 0 ] # -486 # 2 - 
50) [ 8 12 16 0 14 9 11 22 15 0 30 25 0 31 26 0 2 20 5 24 3 1 6 27 18 21 29 17 23 28 19 13 7 10 4 -1 ] [ 1984 314 ] [ 0 0 ] # -314 # 2 - 
51) [ 29 0 11 18 17 16 0 28 23 19 12 0 22 0 6 14 25 27 7 4 8 3 20 30 2 15 13 31 26 21 1 5 9 24 10 -1 ] [ 2040 368 ] [ 0 0 ] # -368 # 2 - 
52) [ 29 17 13 0 16 0 28 0 8 0 6 18 11 15 25 20 5 21 24 9 10 22 26 2 7 1 23 19 3 12 30 31 14 4 27 -1 ] [ 1935 468 ] [ 0 0 ] # -468 # 2 - 
53) [ 22 19 3 0 10 20 0 29 8 0 24 0 21 23 2 25 27 17 18 13 26 1 5 9 16 15 12 11 31 6 30 7 28 4 14 -1 ] [ 2151 456 ] [ 0 0 ] # -456 # 2 - 
54) [ 30 0 24 0 26 3 2 15 0 21 17 0 12 7 27 16 5 1 8 4 14 28 31 23 25 29 11 18 6 13 20 9 22 10 19 -1 ] [ 1773 380 ] [ 0 0 ] # -380 # 2 - 
55) [ 21 23 0 25 10 0 24 5 0 2 28 0 22 11 29 8 18 17 12 7 16 3 20 6 13 30 1 27 26 19 4 9 31 14 15 -1 ] [ 1913 382 ] [ 0 0 ] # -382 # 2 - 
56) [ 26 0 18 5 0 9 11 2 0 7 0 4 27 30 1 17 6 20 22 10 24 13 15 25 29 16 23 21 12 31 3 28 14 19 8 -1 ] [ 1924 466 ] [ 0 0 ] # -466 # 2 - 
57) [ 13 0 16 0 18 0 6 0 24 15 14 10 5 9 25 19 31 17 22 29 2 8 26 30 20 3 23 12 7 4 21 11 28 1 27 -1 ] [ 1876 526 ] [ 0 0 ] # -526 # 2 - 
58) [ 26 0 11 0 13 30 0 9 0 6 2 21 8 31 25 4 3 19 14 27 1 16 20 29 18 10 15 17 28 12 7 23 24 5 22 -1 ] [ 2021 496 ] [ 0 0 ] # -496 # 2 - 
59) [ 15 23 0 20 0 7 30 0 22 0 29 28 9 19 25 17 24 8 5 13 3 12 16 11 31 4 18 26 14 10 27 21 1 6 2 -1 ] [ 2176 476 ] [ 0 0 ] # -476 # 2 - 
60) [ 8 12 16 0 14 9 11 22 15 0 30 25 0 31 26 0 2 20 5 24 3 1 6 27 18 21 29 17 23 28 19 13 7 10 4 -1 ] [ 1984 314 ] [ 0 0 ] # -314 # 2 - 
61) [ 29 0 11 18 17 16 0 28 23 19 12 0 22 0 6 14 25 27 7 4 8 3 20 30 2 15 13 31 26 21 1 5 9 24 10 -1 ] [ 2040 368 ] [ 0 0 ] # -368 # 2 - 
62) [ 29 17 13 0 16 0 28 0 8 0 6 18 11 15 25 20 5 21 24 9 10 22 26 2 7 1 23 19 3 12 30 31 14 4 27 -1 ] [ 1935 468 ] [ 0 0 ] # -468 # 2 - 
63) [ 22 19 3 0 10 20 0 29 8 0 24 0 21 23 2 25 27 17 18 13 26 1 5 9 16 15 12 11 31 6 30 7 28 4 14 -1 ] [ 2151 456 ] [ 0 0 ] # -456 # 2 - 
64) [ 1 0 19 31 23 8 6 0 4 0 3 20 0 5 26 24 17 2 11 10 29 12 9 7 14 16 18 13 28 22 30 25 15 21 27 -1 ] [ 2061 398 ] [ 0 0 ] # -398 # 2 - 
65) [ 21 23 0 25 10 0 24 5 0 2 28 0 22 11 29 8 18 17 12 7 16 3 20 6 13 30 1 27 26 19 4 9 31 14 15 -1 ] [ 1913 382 ] [ 0 0 ] # -382 # 2 - 
66) [ 12 24 6 0 25 1 0 15 22 0 4 28 0 26 23 27 30 8 18 29 13 21 14 3 10 5 7 20 17 11 31 19 9 16 2 -1 ] [ 2113 300 ] [ 0 0 ] # -300 # 2 - 
67) [ 13 0 16 0 18 0 6 0 24 15 14 10 5 9 25 19 31 17 22 29 2 8 26 30 20 3 23 12 7 4 21 11 28 1 27 -1 ] [ 1876 526 ] [ 0 0 ] # -526 # 2 - 
68) [ 26 0 11 0 13 30 0 9 0 6 2 21 8 31 25 4 3 19 14 27 1 16 20 29 18 10 15 17 28 12 7 23 24 5 22 -1 ] [ 2021 496 ] [ 0 0 ] # -496 # 2 - 
69) [ 20 0 17 0 6 18 27 0 1 16 23 26 10 15 0 11 8 3 13 28 5 30 12 7 29 4 19 31 22 2 25 14 9 24 21 -1 ] [ 1961 346 ] [ 0 0 ] # -346 # 2 - 
70) [ 8 12 16 0 14 9 11 22 15 0 30 25 0 31 26 0 2 20 5 24 3 1 6 27 18 21 29 17 23 28 19 13 7 10 4 -1 ] [ 1984 314 ] [ 0 0 ] # -314 # 2 - 
71) [ 29 0 11 18 17 16 0 28 23 19 12 0 22 0 6 14 25 27 7 4 8 3 20 30 2 15 13 31 26 21 1 5 9 24 10 -1 ] [ 2040 368 ] [ 0 0 ] # -368 # 2 - 
72) [ 29 17 13 0 16 0 28 0 8 0 6 18 11 15 25 20 5 21 24 9 10 22 26 2 7 1 23 19 3 12 30 31 14 4 27 -1 ] [ 1935 468 ] [ 0 0 ] # -468 # 2 - 
73) [ 8 2 0 20 0 24 0 4 27 0 29 28 3 1 15 5 26 22 18 12 30 31 6 13 7 19 21 10 14 17 23 11 25 16 9 -1 ] [ 1989 424 ] [ 0 0 ] # -424 # 2 - 
74) [ 1 0 19 31 23 8 6 0 4 0 3 20 0 5 26 24 17 2 11 10 29 12 9 7 14 16 18 13 28 22 30 25 15 21 27 -1 ] [ 2061 398 ] [ 0 0 ] # -398 # 2 - 
75) [ 21 23 0 25 10 0 24 5 0 2 28 0 22 11 29 8 18 17 12 7 16 3 20 6 13 30 1 27 26 19 4 9 31 14 15 -1 ] [ 1913 382 ] [ 0 0 ] # -382 # 2 - 
76) [ 12 24 6 0 25 1 0 15 22 0 4 28 0 26 23 27 30 8 18 29 13 21 14 3 10 5 7 20 17 11 31 19 9 16 2 -1 ] [ 2113 300 ] [ 0 0 ] # -300 # 2 - 
77) [ 13 0 16 0 18 0 6 0 24 15 14 10 5 9 25 19 31 17 22 29 2 8 26 30 20 3 23 12 7 4 21 11 28 1 27 -1 ] [ 1876 526 ] [ 0 0 ] # -526 # 2 - 
78) [ 26 0 11 0 13 30 0 9 0 6 2 21 8 31 25 4 3 19 14 27 1 16 20 29 18 10 15 17 28 12 7 23 24 5 22 -1 ] [ 2021 496 ] [ 0 0 ] # -496 # 2 - 
79) [ 2 18 24 14 25 0 23 0 13 0 12 0 28 29 26 15 16 10 19 5 7 27 11 8 20 6 3 4 30 1 17 22 9 31 21 -1 ] [ 2153 384 ] [ 0 0 ] # -384 # 2 - 
80) [ 8 12 16 0 14 9 11 22 15 0 30 25 0 31 26 0 2 20 5 24 3 1 6 27 18 21 29 17 23 28 19 13 7 10 4 -1 ] [ 1984 314 ] [ 0 0 ] # -314 # 2 - 
81) [ 29 0 11 18 17 16 0 28 23 19 12 0 22 0 6 14 25 27 7 4 8 3 20 30 2 15 13 31 26 21 1 5 9 24 10 -1 ] [ 2040 368 ] [ 0 0 ] # -368 # 2 - 
82) [ 29 17 13 0 16 0 28 0 8 0 6 18 11 15 25 20 5 21 24 9 10 22 26 2 7 1 23 19 3 12 30 31 14 4 27 -1 ] [ 1935 468 ] [ 0 0 ] # -468 # 2 - 
83) [ 20 0 13 0 10 0 29 22 28 5 2 14 0 24 16 3 31 8 7 19 17 15 4 11 26 1 9 23 30 25 18 21 27 6 12 -1 ] [ 1969 452 ] [ 0 0 ] # -452 # 2 - 
84) [ 26 3 27 0 29 10 4 0 17 14 0 7 0 5 20 19 6 11 15 18 1 23 2 21 30 24 31 28 8 25 13 16 22 9 12 -1 ] [ 1877 430 ] [ 0 0 ] # -430 # 2 - 
85) [ 21 23 0 25 10 0 24 5 0 2 28 0 22 11 29 8 18 17 12 7 16 3 20 6 13 30 1 27 26 19 4 9 31 14 15 -1 ] [ 1913 382 ] [ 0 0 ] # -382 # 2 - 
86) [ 12 24 6 0 25 1 0 15 22 0 4 28 0 26 23 27 30 8 18 29 13 21 14 3 10 5 7 20 17 11 31 19 9 16 2 -1 ] [ 2113 300 ] [ 0 0 ] # -300 # 2 - 
87) [ 13 0 16 0 18 0 6 0 24 15 14 10 5 9 25 19 31 17 22 29 2 8 26 30 20 3 23 12 7 4 21 11 28 1 27 -1 ] [ 1876 526 ] [ 0 0 ] # -526 # 2 - 
88) [ 26 0 11 0 13 30 0 9 0 6 2 21 8 31 25 4 3 19 14 27 1 16 20 29 18 10 15 17 28 12 7 23 24 5 22 -1 ] [ 2021 496 ] [ 0 0 ] # -496 # 2 - 
89) [ 15 23 0 20 0 7 30 0 22 0 29 28 9 19 25 17 24 8 5 13 3 12 16 11 31 4 18 26 14 10 27 21 1 6 2 -1 ] [ 2176 476 ] [ 0 0 ] # -476 # 2 - 
90) [ 8 12 16 0 14 9 11 22 15 0 30 25 0 31 26 0 2 20 5 24 3 1 6 27 18 21 29 17 23 28 19 13 7 10 4 -1 ] [ 1984 314 ] [ 0 0 ] # -314 # 2 - 
91) [ 29 0 11 18 17 16 0 28 23 19 12 0 22 0 6 14 25 27 7 4 8 3 20 30 2 15 13 31 26 21 1 5 9 24 10 -1 ] [ 2040 368 ] [ 0 0 ] # -368 # 2 - 
92) [ 29 17 13 0 16 0 28 0 8 0 6 18 11 15 25 20 5 21 24 9 10 22 26 2 7 1 23 19 3 12 30 31 14 4 27 -1 ] [ 1935 468 ] [ 0 0 ] # -468 # 2 - 
93) [ 22 19 3 0 10 20 0 29 8 0 24 0 21 23 2 25 27 17 18 13 26 1 5 9 16 15 12 11 31 6 30 7 28 4 14 -1 ] [ 2151 456 ] [ 0 0 ] # -456 # 2 - 
94) [ 1 0 19 31 23 8 6 0 4 0 3 20 0 5 26 24 17 2 11 10 29 12 9 7 14 16 18 13 28 22 30 25 15 21 27 -1 ] [ 2061 398 ] [ 0 0 ] # -398 # 2 - 
95) [ 21 23 0 25 10 0 24 5 0 2 28 0 22 11 29 8 18 17 12 7 16 3 20 6 13 30 1 27 26 19 4 9 31 14 15 -1 ] [ 1913 382 ] [ 0 0 ] # -382 # 2 - 
96) [ 12 24 6 0 25 1 0 15 22 0 4 28 0 26 23 27 30 8 18 29 13 21 14 3 10 5 7 20 17 11 31 19 9 16 2 -1 ] [ 2113 300 ] [ 0 0 ] # -300 # 2 - 
97) [ 13 0 16 0 18 0 6 0 24 15 14 10 5 9 25 19 31 17 22 29 2 8 26 30 20 3 23 12 7 4 21 11 28 1 27 -1 ] [ 1876 526 ] [ 0 0 ] # -526 # 2 - 
98) [ 26 0 11 0 13 30 0 9 0 6 2 21 8 31 25 4 3 19 14 27 1 16 20 29 18 10 15 17 28 12 7 23 24 5 22 -1 ] [ 2021 496 ] [ 0 0 ] # -496 # 2 - 
99) [ 3 27 18 20 28 1 11 8 5 0 23 0 14 0 10 0 4 29 24 17 22 7 6 2 9 25 30 13 12 19 21 15 26 16 31 -1 ] [ 2170 390 ] [ 0 0 ] # -390 # 2 - 
100) [ 8 12 16 0 14 9 11 22 15 0 30 25 0 31 26 0 2 20 5 24 3 1 6 27 18 21 29 17 23 28 19 13 7 10 4 -1 ] [ 1984 314 ] [ 0 0 ] # -314 # 2 - 