100
1) [ 33 32 52 50 45 44 41 40 59 57 68 0 80 79 77 73 70 71 76 78 81 82 83 87 0 99 100 97 93 92 94 95 96 98 0 55 54 58 60 56 53 64 61 72 0 11 12 14 16 19 18 17 15 13 0 42 46 48 51 31 35 37 38 39 36 34 0 63 0 21 0 8 10 0 66 0 3 4 6 9 0 20 0 2 1 0 22 0 75 0 43 47 49 0 65 0 25 24 0 67 0 5 7 0 69 0 26 28 30 29 27 0 23 0 74 62 0 90 86 84 85 88 89 91 -1 ] [ 1318 -0 ] [ 0 0 ] # 0 # 0 - 
2) [ 52 50 51 48 46 45 44 42 40 59 57 68 0 80 79 77 73 70 71 76 78 81 82 83 0 99 100 97 93 92 94 95 96 98 0 66 64 55 54 53 56 58 60 41 0 13 17 18 19 15 16 14 12 11 0 34 36 39 38 37 35 31 33 32 0 23 26 25 0 20 0 49 47 0 7 0 61 72 74 62 0 22 0 28 30 0 21 0 67 0 27 29 24 0 10 0 65 63 0 5 0 3 4 0 43 0 1 2 6 9 8 0 69 0 90 89 0 87 86 84 85 88 91 75 -1 ] [ 1318 -0 ] [ 0 0 ] # 0 # 0 - 
3) [ 28 30 32 50 51 48 46 45 44 42 43 0 80 79 77 73 70 71 76 78 81 82 89 90 0 99 100 97 93 92 94 95 96 98 0 47 59 60 58 56 53 54 55 68 0 11 13 15 12 14 16 19 18 17 0 29 34 36 39 38 37 35 33 31 52 49 0 67 0 23 0 63 65 0 20 0 41 40 57 66 0 75 0 1 2 0 21 0 5 0 25 27 24 0 22 0 3 4 0 69 0 9 6 0 7 0 74 72 61 64 62 0 26 0 8 10 0 87 86 83 84 85 88 91 -1 ] [ 1323 -0 ] [ 0 0 ] # 0 # 0 - 
4) [ 81 78 76 71 70 73 77 79 80 72 61 64 68 0 31 35 37 38 39 36 30 11 9 8 0 99 100 97 93 92 94 95 96 98 0 59 60 58 56 53 54 57 55 0 17 18 19 16 14 12 15 13 10 0 87 86 83 82 84 85 88 89 91 0 47 0 20 0 43 0 67 0 90 0 74 62 66 69 0 4 6 7 0 5 0 50 51 48 45 46 0 1 2 0 75 0 49 52 0 21 0 42 44 40 41 0 3 0 63 0 65 0 24 28 26 23 0 32 33 34 29 27 25 22 -1 ] [ 1328 -0 ] [ 0 0 ] # 0 # 0 - 
5) [ 26 28 30 29 34 33 32 44 40 41 42 0 80 79 77 73 70 71 76 78 81 82 83 84 0 99 100 97 93 92 94 95 96 98 0 45 60 58 56 53 54 55 64 66 0 11 12 14 16 15 19 18 17 13 0 52 50 48 51 31 35 37 38 39 36 27 0 21 0 43 0 65 63 0 10 0 8 9 6 4 0 67 0 25 24 0 23 0 7 0 49 46 47 0 20 0 74 62 0 75 0 5 3 0 69 0 68 59 57 61 72 0 22 0 89 90 0 87 86 85 88 91 2 1 -1 ] [ 1348 -0 ] [ 0 0 ] # 0 # 0 - 
6) [ 27 36 39 38 37 35 31 51 48 44 42 0 80 79 77 73 70 71 76 78 81 82 83 89 0 99 100 97 93 92 94 95 96 98 0 66 64 54 53 56 58 60 59 40 0 13 12 14 16 15 19 18 17 30 0 43 47 46 45 50 49 52 32 33 34 29 0 25 0 21 0 74 62 0 10 0 6 4 2 1 0 67 0 5 7 0 20 0 63 0 8 9 11 0 24 0 26 28 0 23 0 3 75 0 22 0 41 57 55 68 69 0 65 0 91 90 0 61 72 87 86 84 85 88 -1 ] [ 1348 -0 ] [ 0 0 ] # 0 # 0 - 
7) [ 87 86 83 81 78 76 71 70 73 77 79 80 72 0 98 96 95 94 92 93 97 100 99 0 59 60 58 56 53 54 64 61 66 0 17 18 19 16 14 12 15 13 11 0 31 35 37 38 39 36 33 32 0 52 50 51 48 41 69 62 74 0 75 5 0 21 0 22 0 43 0 24 0 88 85 84 82 0 90 89 91 0 23 0 42 44 45 46 47 0 65 63 0 26 0 25 27 0 49 0 68 55 57 40 0 67 0 10 0 20 0 29 34 30 28 0 7 8 9 6 2 1 4 3 -1 ] [ 1358 -0 ] [ 0 0 ] # 0 # 0 - 
8) [ 10 11 9 8 2 1 75 91 88 85 89 0 80 79 77 73 70 71 76 78 81 82 83 84 0 99 100 97 93 92 94 95 96 98 0 68 55 54 58 60 56 53 64 66 0 13 12 14 16 15 19 18 17 30 0 49 52 50 31 35 37 38 39 36 34 29 0 24 0 22 0 42 43 0 23 0 7 6 4 3 0 21 0 25 27 0 47 0 65 0 69 61 72 0 63 0 40 41 0 5 0 32 33 0 20 0 90 86 87 74 62 0 67 0 28 26 0 57 59 44 45 48 51 46 -1 ] [ 1367 -0 ] [ 0 0 ] # 0 # 0 - 
9) [ 81 78 76 71 70 73 77 79 80 72 61 0 99 100 97 93 92 94 95 96 98 0 68 55 54 53 56 58 60 44 45 48 0 49 52 29 27 30 28 11 9 8 0 13 15 12 14 16 19 18 17 0 32 33 31 35 37 38 39 36 34 0 21 22 0 5 0 20 0 7 0 10 0 23 26 25 24 0 3 4 6 0 69 0 41 40 59 57 42 0 62 74 0 75 0 66 64 0 63 0 90 89 86 87 0 67 0 65 0 43 0 50 51 46 47 0 1 2 91 88 85 84 82 83 -1 ] [ 1367 -0 ] [ 0 0 ] # 0 # 0 - 
10) [ 75 1 2 99 94 92 93 97 100 4 0 80 79 77 73 70 71 76 78 81 82 83 90 0 42 46 47 50 51 48 45 44 40 41 0 59 60 58 56 53 54 57 55 0 17 18 19 16 14 12 9 6 0 89 88 85 84 86 87 74 62 0 66 69 0 23 0 20 0 67 0 65 0 68 64 61 72 0 8 11 10 0 21 0 25 27 30 28 26 0 13 15 0 3 0 22 24 0 5 0 98 96 95 91 0 43 0 7 0 63 0 29 34 33 32 0 36 39 38 37 35 31 52 49 -1 ] [ 1371 -0 ] [ 0 0 ] # 0 # 0 - 
11) [ 91 89 90 57 44 45 48 51 50 46 42 0 80 79 77 73 70 71 76 78 81 82 83 87 0 99 100 97 93 92 94 95 96 98 0 59 60 58 56 53 54 55 64 68 0 13 15 17 18 19 16 14 12 10 0 29 34 36 39 38 37 35 33 31 52 49 0 67 0 22 0 4 3 0 20 0 11 9 6 8 0 43 0 2 1 0 75 0 63 0 25 27 24 0 23 0 7 5 0 69 0 62 66 0 65 0 47 32 30 28 26 0 21 0 40 41 0 74 61 72 86 84 85 88 -1 ] [ 1375 -0 ] [ 0 0 ] # 0 # 0 - 
12) [ 80 79 77 73 70 71 76 78 81 82 83 87 0 99 100 97 93 92 94 95 96 0 55 60 58 56 53 54 72 61 64 66 65 0 33 32 51 48 46 45 59 57 68 69 0 13 17 18 19 15 16 14 12 10 0 27 30 29 52 50 49 47 43 0 21 0 20 0 63 0 22 0 75 0 42 44 40 41 0 3 4 1 0 5 0 8 11 9 6 7 0 28 26 0 90 0 74 62 0 23 0 2 98 88 91 0 24 0 67 0 25 0 89 85 84 86 0 31 35 37 38 39 36 34 -1 ] [ 1377 -0 ] [ 0 0 ] # 0 # 0 - 
13) [ 42 41 40 44 45 46 47 49 8 9 7 0 82 81 78 76 71 70 73 77 79 80 0 98 96 95 94 92 93 97 100 99 1 0 59 60 58 56 53 54 55 57 0 17 18 19 16 14 12 15 13 0 34 36 39 38 37 35 31 33 32 0 91 90 0 5 0 23 0 75 0 20 0 27 30 28 26 0 68 64 66 0 65 0 62 74 87 86 89 0 24 25 0 67 0 61 72 0 22 0 88 85 84 83 0 69 0 63 0 21 0 3 2 6 4 0 10 11 29 52 50 51 48 43 -1 ] [ 1378 -0 ] [ 0 0 ] # 0 # 0 - 
14) [ 80 79 77 73 70 71 76 78 81 0 49 50 48 45 57 55 64 61 72 74 66 69 0 99 100 97 93 92 94 95 96 98 0 34 36 39 38 37 35 31 33 32 0 91 88 85 84 82 83 86 87 89 90 0 28 30 29 52 51 60 58 56 0 63 62 0 24 0 75 0 5 0 22 0 7 6 9 8 0 13 11 10 0 65 0 43 42 44 40 41 0 46 47 0 26 0 25 27 0 67 0 1 2 4 3 0 21 0 20 0 23 0 59 54 53 68 0 12 14 16 15 19 18 17 -1 ] [ 1378 -0 ] [ 0 0 ] # 0 # 0 - 
15) [ 32 33 31 35 37 38 39 36 34 0 80 79 77 73 70 71 76 78 81 82 83 86 0 49 47 43 41 40 64 61 72 74 62 66 0 54 53 56 58 60 48 51 50 52 0 12 14 16 15 19 18 17 13 0 8 6 9 11 10 30 28 26 0 27 29 0 67 0 21 0 90 0 22 0 46 45 44 42 0 59 57 55 0 7 0 75 1 2 4 3 0 63 65 0 25 0 68 69 0 24 0 89 85 84 87 0 23 0 20 0 5 0 96 97 100 99 0 98 95 94 93 92 88 91 -1 ] [ 1381 -0 ] [ 0 0 ] # 0 # 0 - 
16) [ 90 86 87 74 41 40 44 45 48 51 50 46 47 0 80 79 77 73 70 71 76 78 82 83 84 89 75 0 91 98 96 95 94 92 93 97 100 99 0 57 55 54 53 56 58 60 59 0 13 17 18 19 15 16 14 12 11 0 31 35 37 38 39 36 34 29 0 69 0 25 0 42 43 0 67 0 8 9 6 7 0 20 0 5 3 0 24 0 21 0 1 2 4 0 10 0 63 65 0 23 0 62 66 0 27 0 49 52 32 33 30 0 22 0 26 28 0 68 64 61 72 81 85 88 -1 ] [ 1384 -0 ] [ 0 0 ] # 0 # 0 - 
17) [ 43 46 31 35 37 38 39 36 30 10 7 5 0 72 80 79 77 73 70 71 76 78 81 90 0 99 100 97 93 92 94 95 96 0 55 57 54 53 56 58 60 59 0 15 12 14 16 19 18 17 0 1 2 98 85 84 82 83 86 87 0 89 88 91 0 24 0 20 0 22 0 21 0 74 61 64 68 0 3 4 75 0 63 0 45 48 51 50 52 0 66 62 0 69 0 49 47 0 67 0 41 40 44 42 0 25 0 23 0 65 0 29 27 28 26 0 32 33 34 13 11 9 6 8 -1 ] [ 1386 -0 ] [ 0 0 ] # 0 # 0 - 
18) [ 52 50 51 80 77 73 70 71 76 78 79 81 0 83 82 84 95 94 92 93 97 0 59 60 58 56 53 54 57 55 0 13 15 12 14 16 19 18 17 0 34 36 39 38 37 35 31 33 32 0 7 8 9 6 4 1 2 99 100 96 98 91 0 22 0 75 0 21 0 23 0 3 0 28 30 29 27 0 62 74 63 0 5 0 49 47 46 42 43 0 24 25 0 67 0 10 11 0 89 0 88 85 86 87 0 20 0 26 0 90 0 68 64 61 72 0 65 66 69 41 40 44 45 48 -1 ] [ 1392 -0 ] [ 0 0 ] # 0 # 0 - 
19) [ 75 1 2 99 98 91 88 85 84 89 0 61 72 81 78 76 70 71 82 83 86 87 90 0 47 49 50 51 48 45 44 42 40 41 0 55 57 54 53 56 58 60 59 0 17 18 19 16 14 12 15 13 0 34 36 39 38 37 35 33 32 0 69 66 0 20 0 67 0 43 0 23 0 26 28 30 29 0 62 74 63 0 22 0 31 52 46 68 64 0 7 6 0 65 0 25 27 0 21 0 8 9 11 10 0 3 0 24 0 5 0 80 73 77 79 0 4 100 97 93 92 94 95 96 -1 ] [ 1396 -0 ] [ 0 0 ] # 0 # 0 - 
20) [ 46 50 51 48 45 44 68 64 80 79 77 73 70 86 87 0 84 83 82 71 76 78 81 74 62 0 99 100 97 93 92 94 95 96 98 0 59 60 58 56 53 54 55 57 0 17 18 19 16 14 12 15 13 0 32 33 37 39 38 35 31 52 0 66 69 0 67 0 20 0 5 0 65 0 4 6 9 11 0 1 2 3 0 10 0 26 28 27 25 24 0 7 8 0 75 0 47 49 0 23 0 30 36 34 29 0 63 0 21 0 22 0 41 40 42 43 0 91 88 85 89 90 72 61 -1 ] [ 1396 -0 ] [ 0 0 ] # 0 # 0 - 
21) [ 81 78 76 71 70 73 77 79 80 74 0 62 72 61 64 55 57 68 11 8 9 6 4 0 99 100 97 93 92 94 95 96 98 0 54 53 56 58 60 59 44 40 41 0 17 18 19 16 14 12 15 13 0 31 35 37 38 39 36 34 0 69 66 63 0 3 0 7 0 67 0 5 0 29 30 28 26 0 25 27 24 0 21 0 87 86 88 89 91 0 1 2 0 10 0 22 23 0 65 0 85 84 82 83 0 20 0 90 0 75 0 43 46 45 42 0 47 48 51 50 49 52 32 33 -1 ] [ 1396 -0 ] [ 0 0 ] # 0 # 0 - 
22) [ 41 40 61 72 79 81 82 83 84 85 86 87 0 99 100 97 93 92 94 95 96 98 0 59 60 58 56 53 54 55 68 64 69 0 17 18 19 16 14 12 15 13 0 66 62 74 90 2 1 4 6 0 32 33 31 35 37 38 39 36 34 0 47 43 0 3 0 23 0 20 0 22 0 8 9 11 10 0 89 88 91 0 7 0 46 48 45 44 42 0 65 63 0 67 0 25 26 0 21 0 27 29 30 28 0 24 0 5 0 75 0 49 50 51 52 0 78 76 71 70 73 77 80 57 -1 ] [ 1397 -0 ] [ 0 0 ] # 0 # 0 - 
23) [ 42 46 50 51 48 45 44 40 41 75 99 97 100 0 80 79 77 73 70 71 76 78 81 82 83 90 0 91 89 88 92 93 94 95 96 98 0 59 60 58 56 53 54 55 57 0 13 15 12 14 16 19 18 17 0 52 31 35 37 38 39 36 34 29 0 24 27 25 0 20 0 43 47 0 22 0 4 1 2 3 0 5 0 26 23 0 10 0 67 0 11 9 6 0 21 0 62 66 0 65 0 8 7 0 63 0 28 30 33 32 49 0 69 0 68 64 0 74 61 72 84 85 86 87 -1 ] [ 1400 -0 ] [ 0 0 ] # 0 # 0 - 
24) [ 96 95 94 92 93 97 100 99 0 73 70 71 76 82 83 84 98 28 30 27 24 0 41 40 42 44 48 51 50 35 31 52 49 47 0 55 54 53 56 58 60 59 57 0 17 18 19 16 14 12 15 13 0 32 33 37 38 39 36 34 29 0 46 45 0 22 0 67 0 5 0 26 0 10 11 9 8 0 7 6 4 0 23 0 72 61 64 68 66 0 62 74 0 69 0 65 63 0 25 0 3 2 1 75 0 43 0 20 0 21 0 89 85 88 91 0 90 87 86 81 78 77 79 80 -1 ] [ 1412 -0 ] [ 0 0 ] # 0 # 0 - 
25) [ 27 30 28 26 11 8 9 6 2 1 4 3 0 83 82 78 76 71 70 73 77 80 79 81 0 96 95 94 92 93 97 100 99 0 59 57 54 55 68 64 61 72 0 10 12 14 16 15 19 18 17 13 0 34 36 39 38 37 35 31 45 44 42 0 66 62 74 63 0 23 0 25 24 0 7 0 87 86 89 90 0 21 0 98 91 0 5 0 75 0 84 85 88 0 20 0 40 41 0 43 0 67 65 0 69 0 46 51 33 32 29 0 22 0 49 47 0 53 56 58 60 48 50 52 -1 ] [ 1416 -0 ] [ 0 0 ] # 0 # 0 - 
26) [ 81 79 78 76 71 70 73 77 80 72 0 69 66 61 64 68 57 44 42 43 9 6 4 0 100 97 93 92 94 95 96 91 90 0 55 54 53 56 58 60 59 40 41 0 17 18 19 16 14 12 15 13 0 33 35 37 38 39 36 34 0 62 74 63 0 23 0 5 0 22 0 65 0 8 11 28 30 0 27 29 24 0 67 0 52 50 51 31 32 0 3 7 0 21 0 25 26 0 75 0 98 99 2 1 0 20 0 47 0 10 0 49 48 45 46 0 87 86 83 82 84 85 88 89 -1 ] [ 1416 -0 ] [ 0 0 ] # 0 # 0 - 
27) [ 7 6 4 1 2 98 89 86 87 90 0 91 88 85 84 83 81 78 76 77 79 80 72 0 49 52 50 51 48 45 44 40 41 42 0 55 54 53 56 58 60 59 57 0 17 18 19 16 14 12 15 13 0 36 39 38 37 35 31 33 32 0 5 3 0 22 0 63 0 67 0 21 0 28 30 34 29 0 74 62 66 0 65 0 47 46 68 64 61 0 24 27 0 43 0 25 26 0 75 0 10 11 9 8 0 69 0 23 0 20 0 96 97 100 99 0 95 94 93 92 82 71 70 73 -1 ] [ 1416 -0 ] [ 0 0 ] # 0 # 0 - 
28) [ 66 61 72 80 79 77 73 70 71 76 78 81 82 0 89 83 84 94 92 93 97 100 99 0 59 60 58 56 53 54 55 57 0 17 18 19 16 14 12 15 13 11 0 98 96 95 91 90 40 46 49 0 52 51 31 35 37 38 39 36 27 0 21 22 0 5 0 10 0 67 0 41 0 4 6 9 8 0 65 74 63 0 3 0 50 48 45 44 42 0 25 24 0 20 0 2 1 0 43 0 62 64 68 69 0 47 0 75 0 7 0 88 85 86 87 0 23 26 28 30 29 34 33 32 -1 ] [ 1416 -0 ] [ 0 0 ] # 0 # 0 - 
29) [ 26 28 30 27 29 32 33 45 44 42 43 0 81 80 79 77 73 70 71 76 78 82 83 0 98 96 95 94 92 93 97 100 99 0 41 40 60 58 56 53 54 55 0 68 66 11 12 14 16 15 19 18 17 0 24 34 36 39 38 37 35 31 51 48 50 52 0 75 0 5 0 25 22 0 63 0 8 9 6 2 0 20 0 3 4 0 67 0 65 0 49 46 47 0 7 0 10 13 0 23 0 59 57 0 69 0 64 61 72 74 62 0 21 0 90 89 0 87 86 84 85 88 91 1 -1 ] [ 1417 -0 ] [ 0 0 ] # 0 # 0 - 
30) [ 91 88 82 76 71 70 73 77 78 81 0 61 72 79 80 54 53 56 58 60 59 68 0 17 18 19 16 14 12 15 13 11 0 42 44 45 48 32 33 34 29 27 0 75 1 94 92 93 97 100 99 2 4 0 28 30 36 39 38 37 35 31 51 50 52 49 0 66 0 7 0 24 25 0 21 0 6 9 8 10 0 67 0 5 3 0 23 0 20 0 98 95 96 0 69 0 63 65 0 43 0 62 74 0 22 0 64 55 57 40 41 0 26 0 46 47 0 90 87 86 83 84 85 89 -1 ] [ 1417 -0 ] [ 0 0 ] # 0 # 0 - 
31) [ 76 71 70 73 77 80 55 57 59 41 0 24 29 32 52 50 51 48 45 40 72 79 78 81 82 0 99 100 97 93 92 94 95 96 98 0 66 61 64 68 54 53 56 58 60 0 13 17 18 19 15 16 14 12 11 0 49 31 35 33 37 38 39 36 34 27 0 63 0 67 0 22 21 0 7 0 1 2 4 6 0 65 0 9 8 0 5 0 3 0 28 30 26 0 20 0 25 23 0 69 0 62 74 0 10 0 43 42 44 46 47 0 75 0 90 91 0 89 88 85 84 83 86 87 -1 ] [ 1423 -0 ] [ 0 0 ] # 0 # 0 - 
32) [ 80 79 77 73 70 71 76 78 81 82 83 87 0 99 100 97 93 92 94 95 96 98 0 60 58 56 53 54 72 61 64 68 0 4 1 47 46 45 59 57 55 0 13 15 12 14 16 19 18 17 0 66 69 40 44 50 52 29 30 27 0 43 42 41 0 22 0 67 0 75 0 20 0 48 51 33 32 0 7 6 9 0 5 0 8 11 10 28 26 0 74 62 0 3 0 63 65 0 21 0 90 89 88 91 0 23 0 24 0 25 0 2 85 84 86 0 49 31 35 37 38 39 36 34 -1 ] [ 1430 -0 ] [ 0 0 ] # 0 # 0 - 
33) [ 41 40 57 55 64 61 72 74 62 65 0 96 95 94 92 93 97 100 6 9 0 13 17 18 19 15 16 14 12 11 0 34 36 39 32 51 48 46 47 49 0 59 60 58 56 53 54 68 66 69 0 43 42 44 45 50 31 35 38 37 33 52 0 3 0 5 0 23 0 21 0 63 0 87 86 85 88 0 4 1 75 0 7 0 27 29 30 28 26 0 90 89 0 24 0 8 10 0 67 0 2 99 98 91 0 25 0 20 0 22 0 81 82 83 84 0 80 79 77 73 70 71 76 78 -1 ] [ 1432 -0 ] [ 0 0 ] # 0 # 0 - 
34) [ 61 72 80 77 79 81 82 83 84 85 96 98 0 99 100 97 93 92 94 95 88 89 0 69 68 55 54 53 56 58 60 59 64 0 12 14 16 15 19 18 17 13 0 66 62 74 90 86 87 91 75 0 28 30 34 36 39 38 37 35 31 0 47 49 0 63 0 21 0 23 0 65 0 8 9 11 10 0 7 6 4 0 24 0 43 46 45 44 42 0 3 5 0 67 0 1 2 0 22 0 32 33 29 27 0 26 0 25 0 20 0 48 51 50 52 0 78 76 71 70 73 57 40 41 -1 ] [ 1433 -0 ] [ 0 0 ] # 0 # 0 - 
35) [ 50 51 80 79 77 73 70 71 76 78 81 0 91 98 96 95 94 92 93 97 100 99 0 45 48 60 58 56 53 54 55 68 0 74 62 66 17 18 19 16 14 0 13 15 12 11 9 8 6 4 0 32 33 31 35 37 38 39 36 34 0 75 2 1 0 69 0 10 0 5 0 49 0 26 28 30 29 0 24 27 25 0 23 0 57 59 40 41 43 0 63 65 0 21 0 3 7 0 52 0 90 89 86 87 0 22 0 20 0 67 0 42 44 46 47 0 64 61 72 83 82 84 85 88 -1 ] [ 1436 -0 ] [ 0 0 ] # 0 # 0 - 
36) [ 59 57 64 61 72 73 70 71 76 78 81 0 91 98 96 95 94 92 93 97 100 99 0 68 55 54 58 60 56 53 80 79 77 0 46 45 48 51 50 52 36 34 29 0 15 12 14 16 19 18 17 0 27 39 38 37 35 31 33 32 0 75 2 1 0 63 0 20 0 67 0 21 0 4 6 9 8 0 24 25 22 0 10 0 11 13 30 28 26 0 74 62 0 90 0 3 5 0 66 0 43 42 47 49 0 65 0 7 0 23 0 44 40 41 69 0 87 86 83 82 84 85 88 89 -1 ] [ 1436 -0 ] [ 0 0 ] # 0 # 0 - 
37) [ 81 78 76 71 70 73 77 79 80 72 66 0 53 56 58 60 59 40 44 45 46 47 49 52 0 32 33 34 30 28 26 4 2 1 0 96 95 97 100 99 6 8 10 0 7 9 12 14 16 15 13 11 0 31 35 37 38 39 36 29 27 0 3 5 0 22 0 75 0 21 0 63 0 50 51 48 42 0 18 19 17 0 67 0 68 64 61 74 62 0 25 24 0 43 0 90 91 0 65 0 57 54 55 41 0 69 0 23 0 20 0 94 93 92 98 0 89 88 85 84 82 83 86 87 -1 ] [ 1439 -0 ] [ 0 0 ] # 0 # 0 - 
38) [ 26 28 30 27 50 51 48 46 44 42 41 0 43 45 60 58 56 86 84 85 88 89 0 99 100 97 93 92 94 95 96 98 91 0 40 59 57 54 53 55 68 69 0 13 17 18 19 15 16 14 12 0 34 36 39 38 37 35 52 49 47 0 3 4 0 7 0 20 0 5 0 21 0 64 61 72 74 0 1 2 6 0 67 0 73 70 71 76 78 0 25 24 0 65 0 62 66 0 63 0 29 32 33 31 0 22 0 75 0 23 0 10 11 9 8 0 80 79 77 81 82 83 87 90 -1 ] [ 1440 -0 ] [ 0 0 ] # 0 # 0 - 
39) [ 99 100 97 96 98 85 88 89 91 0 76 71 70 73 77 79 80 55 57 59 40 41 43 0 60 58 56 53 54 68 64 66 69 0 17 18 19 16 14 12 15 13 11 0 31 35 37 38 39 36 33 32 0 52 50 51 48 45 46 44 42 0 65 63 0 22 0 20 0 10 0 24 0 27 29 30 28 0 7 6 4 0 75 0 47 49 34 9 8 0 1 2 0 21 0 25 26 0 5 0 74 72 61 62 0 23 0 3 0 67 0 95 93 92 94 0 90 87 86 84 83 82 78 81 -1 ] [ 1441 -0 ] [ 0 0 ] # 0 # 0 - 
40) [ 80 79 77 73 70 71 76 78 81 82 98 99 0 100 97 93 92 94 95 96 64 68 0 32 33 31 51 48 45 44 59 57 0 41 40 60 58 56 53 54 55 61 72 0 17 18 19 16 14 12 15 13 11 0 47 46 50 52 49 24 25 27 30 28 26 0 9 8 0 5 0 43 42 0 20 0 6 4 2 1 0 67 0 87 86 0 65 0 75 0 69 66 63 0 7 0 91 90 0 3 0 23 22 0 10 0 89 88 85 84 83 0 21 0 74 62 0 35 37 38 39 36 34 29 -1 ] [ 1443 -0 ] [ 0 0 ] # 0 # 0 - 
41) [ 43 42 41 40 44 45 46 48 51 50 52 49 0 80 77 73 70 71 76 95 97 100 99 98 0 96 94 93 92 82 78 79 81 0 59 57 54 58 60 56 53 55 0 12 14 16 15 19 18 17 0 34 36 39 38 37 35 31 33 32 0 10 11 8 0 24 0 22 0 25 0 23 0 27 29 30 13 0 62 66 69 0 21 0 4 9 6 2 1 0 74 63 0 20 0 26 28 0 67 0 90 85 84 83 0 65 0 5 0 47 0 72 61 64 68 0 87 86 89 88 91 75 3 7 -1 ] [ 1443 -0 ] [ 0 0 ] # 0 # 0 - 
42) [ 76 71 70 73 80 72 61 64 68 69 40 41 43 0 98 99 100 97 93 92 94 95 96 91 0 57 55 54 53 56 58 60 59 0 49 52 28 30 19 16 14 12 0 32 33 39 38 37 35 31 0 29 34 36 18 17 15 13 11 10 0 47 44 42 0 3 0 7 0 24 0 90 0 8 9 6 4 0 1 2 75 0 20 0 50 51 48 45 46 0 65 67 0 5 0 27 25 0 22 0 84 85 88 89 0 23 0 21 0 26 0 66 62 74 63 0 87 86 83 82 81 78 77 79 -1 ] [ 1443 -0 ] [ 0 0 ] # 0 # 0 - 
43) [ 80 79 77 73 70 71 76 78 81 82 83 0 98 95 94 96 2 4 3 50 51 48 0 27 30 11 9 99 100 97 93 92 1 0 60 58 56 53 54 55 64 61 0 17 18 19 16 14 12 15 13 0 32 33 31 35 37 38 39 36 34 0 62 66 0 20 0 5 0 10 0 22 0 23 26 28 25 0 8 6 7 0 69 0 41 40 68 72 74 0 49 47 0 65 0 59 57 0 67 0 90 89 86 87 0 63 0 75 0 21 0 91 88 85 84 0 24 29 52 46 45 44 42 43 -1 ] [ 1444 -0 ] [ 0 0 ] # 0 # 0 - 
44) [ 42 44 48 51 50 45 40 83 82 84 85 90 0 78 73 70 71 76 94 92 93 97 0 57 54 53 56 58 60 59 0 13 15 12 14 16 19 18 17 0 34 36 39 38 37 35 31 33 32 0 8 9 6 4 1 2 99 100 96 95 98 91 0 26 0 22 0 23 0 43 0 67 0 28 30 29 27 0 62 74 63 0 24 0 47 49 52 46 41 0 7 3 0 25 0 10 11 0 5 0 89 88 86 87 0 75 0 20 0 21 0 72 61 64 69 0 65 66 68 55 80 77 79 81 -1 ] [ 1458 -0 ] [ 0 0 ] # 0 # 0 - 
45) [ 24 25 27 31 52 50 51 48 45 44 42 46 43 0 41 40 68 64 61 72 86 83 82 84 98 2 0 96 95 94 92 93 97 100 99 0 55 54 53 56 58 60 59 57 0 17 18 19 16 14 12 15 13 0 29 32 33 35 37 38 39 36 34 30 0 62 66 69 0 21 0 4 6 0 20 0 8 9 11 10 0 67 0 28 26 0 23 0 75 0 1 90 74 0 7 0 81 78 0 22 0 65 63 0 3 0 91 88 85 89 87 0 5 0 47 49 0 76 71 70 73 77 79 80 -1 ] [ 1460 -0 ] [ 0 0 ] # 0 # 0 - 
46) [ 89 86 87 74 40 44 45 48 51 50 46 0 80 79 77 73 70 71 76 78 82 83 84 99 100 0 97 93 92 94 95 96 98 91 90 0 60 58 56 53 54 55 68 64 62 0 13 17 18 19 15 16 14 12 10 0 52 31 33 35 37 38 39 36 34 29 0 63 0 20 0 4 7 0 21 0 11 9 6 8 0 67 0 5 3 0 69 0 75 0 23 28 26 0 66 0 1 2 0 65 0 49 47 0 43 0 41 42 32 30 27 0 22 0 24 25 0 59 57 61 72 81 85 88 -1 ] [ 1461 -0 ] [ 0 0 ] # 0 # 0 - 
47) [ 83 82 81 78 76 71 70 73 77 79 80 72 69 0 35 31 41 68 64 61 90 91 98 96 99 0 95 94 92 93 97 100 2 0 87 86 54 53 56 58 60 59 0 23 17 18 19 16 14 12 15 13 0 32 33 37 38 39 36 34 29 24 0 42 0 22 0 63 0 65 0 67 0 27 30 28 26 0 4 1 75 0 5 0 47 49 50 51 52 0 11 10 0 25 0 57 55 0 21 0 8 9 6 7 0 20 0 3 0 43 0 84 85 88 89 0 46 48 45 44 40 66 62 74 -1 ] [ 1461 -0 ] [ 0 0 ] # 0 # 0 - 
48) [ 7 8 9 6 1 2 96 97 95 98 0 94 92 93 100 99 11 10 39 36 34 0 32 33 37 38 35 31 50 51 48 45 0 59 60 58 56 53 54 57 55 0 17 18 19 16 14 12 15 13 0 87 83 82 81 79 77 80 72 61 40 44 42 0 66 62 74 63 0 43 0 4 3 0 75 0 25 27 29 24 0 67 0 28 30 0 69 0 65 0 41 46 47 0 20 0 23 26 0 5 0 64 68 0 21 0 78 73 70 71 76 0 22 0 49 52 0 91 89 88 85 84 86 90 -1 ] [ 1461 -0 ] [ 0 0 ] # 0 # 0 - 
49) [ 59 57 55 77 73 70 71 76 78 72 61 69 0 41 40 80 79 81 82 83 84 95 96 100 99 0 90 87 86 85 94 92 93 97 98 0 60 58 56 53 54 68 64 62 66 0 10 13 15 12 14 16 19 18 17 0 35 37 38 39 36 34 29 27 0 31 33 32 0 67 0 3 4 0 5 0 8 6 9 11 0 23 0 74 63 0 65 0 22 0 26 28 30 0 20 0 42 43 0 21 0 24 25 0 7 0 91 89 88 2 1 0 75 0 47 49 0 44 45 46 48 51 50 52 -1 ] [ 1462 -0 ] [ 0 0 ] # 0 # 0 - 
50) [ 31 35 33 32 34 11 9 1 99 96 98 0 80 79 77 73 70 71 76 78 81 82 83 87 0 90 89 88 95 94 92 93 97 100 0 68 55 57 59 48 51 37 38 39 36 0 13 15 12 14 16 19 18 17 0 3 4 7 49 52 50 45 46 47 0 29 30 28 0 10 0 26 23 0 75 0 64 61 72 74 0 21 0 62 63 0 22 0 5 0 24 27 25 0 43 0 42 44 0 20 0 69 66 0 67 0 54 53 56 58 60 0 65 0 41 40 0 86 84 85 91 2 6 8 -1 ] [ 1463 -0 ] [ 0 0 ] # 0 # 0 - 
51) [ 45 46 75 1 2 99 100 97 96 0 78 73 70 71 76 82 83 84 28 30 27 24 0 41 40 42 44 48 51 50 35 31 52 49 0 57 55 54 53 56 58 60 59 0 17 18 19 16 14 12 15 13 0 32 33 37 38 39 36 34 29 0 43 47 0 21 0 67 0 63 0 22 0 8 9 11 10 0 25 26 23 0 69 0 74 72 61 64 68 0 66 62 0 3 0 4 6 0 65 0 81 79 77 80 0 7 0 5 0 20 0 90 89 86 87 0 91 88 85 94 93 92 95 98 -1 ] [ 1466 -0 ] [ 0 0 ] # 0 # 0 - 
52) [ 91 90 69 41 40 42 44 45 46 47 49 0 75 2 84 76 71 70 73 77 79 80 0 98 96 95 94 92 93 97 100 99 1 0 57 55 54 53 56 58 60 59 0 17 18 19 16 14 12 15 13 0 32 33 31 35 37 38 39 36 34 0 3 5 0 8 0 63 0 20 0 7 0 27 30 28 26 0 68 64 66 0 65 0 62 74 82 83 86 0 25 23 0 21 0 72 61 0 22 0 87 85 88 89 0 67 0 43 0 10 0 11 9 6 4 0 24 29 52 50 51 48 78 81 -1 ] [ 1467 -0 ] [ 0 0 ] # 0 # 0 - 
53) [ 74 80 79 77 73 70 71 76 78 81 0 49 48 45 44 61 72 87 86 89 91 2 1 0 96 97 100 99 6 8 47 46 43 0 59 54 53 56 58 60 40 41 42 0 17 18 19 16 14 12 15 13 0 34 36 39 38 37 35 33 0 62 66 69 0 22 0 23 0 27 0 25 0 10 11 9 7 0 4 3 5 0 21 0 32 31 51 50 52 0 29 30 0 20 0 26 28 0 24 0 57 55 64 68 0 65 0 67 0 63 0 83 82 84 90 0 88 85 94 92 93 95 98 75 -1 ] [ 1468 -0 ] [ 0 0 ] # 0 # 0 - 
54) [ 80 79 77 73 70 71 76 78 81 82 83 87 0 99 96 95 98 61 64 53 56 58 60 0 12 14 16 15 19 18 17 13 30 0 29 34 36 39 38 37 35 31 51 50 0 74 62 66 41 52 32 33 0 3 4 1 2 6 9 11 8 0 7 5 0 69 0 23 0 21 0 20 0 48 45 44 40 0 24 27 25 0 90 0 94 92 93 97 100 0 28 26 0 22 0 65 63 0 43 0 42 46 47 49 0 67 0 75 0 10 0 88 85 84 86 0 91 89 72 54 59 57 55 68 -1 ] [ 1472 -0 ] [ 0 0 ] # 0 # 0 - 
55) [ 89 88 91 98 29 39 38 37 35 31 0 13 17 18 19 15 16 14 12 10 0 75 1 2 4 6 9 11 8 7 0 34 36 33 32 51 48 45 44 42 0 59 60 58 56 53 54 68 64 62 0 41 40 57 55 80 79 77 76 78 72 61 0 21 0 63 0 65 0 23 0 74 0 26 28 30 27 0 87 86 90 0 43 0 47 46 50 52 49 0 25 24 0 3 0 69 66 0 67 0 73 70 71 81 0 5 0 22 0 20 0 85 84 82 83 0 99 100 97 93 92 94 95 96 -1 ] [ 1473 -0 ] [ 0 0 ] # 0 # 0 - 
56) [ 42 44 57 55 64 61 72 74 62 65 0 99 100 97 93 92 94 95 96 98 0 13 15 17 18 19 16 14 12 11 0 34 36 33 32 48 45 46 47 43 0 59 60 58 56 53 54 68 66 69 0 49 52 50 51 31 35 37 38 39 29 24 0 10 0 7 0 21 0 63 0 20 0 91 89 86 87 0 1 2 4 0 3 0 25 27 30 28 26 0 6 9 0 22 0 41 40 0 23 0 75 90 81 79 0 8 0 5 0 67 0 80 70 73 77 0 88 85 84 83 82 71 76 78 -1 ] [ 1477 -0 ] [ 0 0 ] # 0 # 0 - 
57) [ 79 77 73 80 72 61 64 68 57 40 41 0 10 11 9 2 99 100 97 93 92 94 0 89 90 74 42 44 45 48 51 50 46 47 43 0 59 60 58 56 53 54 55 0 17 18 19 16 14 12 15 13 0 32 33 35 37 38 39 36 34 0 66 62 0 23 0 21 0 69 0 67 0 29 31 52 49 0 25 27 30 0 24 0 26 28 8 6 4 0 5 3 0 63 0 75 1 0 20 0 98 96 95 91 0 22 0 65 0 7 0 87 86 85 88 0 84 83 82 78 76 71 70 81 -1 ] [ 1479 -0 ] [ 0 0 ] # 0 # 0 - 
58) [ 50 51 48 45 44 87 86 83 82 84 85 88 89 0 33 35 37 38 39 36 34 30 0 81 78 76 71 70 73 77 79 80 72 61 0 54 53 56 58 60 40 41 43 24 0 12 14 16 15 19 18 17 13 0 69 66 68 42 46 47 49 52 0 2 1 0 22 0 20 0 67 0 7 0 99 100 97 96 0 23 26 28 0 75 0 4 6 9 11 8 0 91 98 0 21 0 27 25 0 5 0 95 92 93 94 0 10 0 3 0 90 0 63 74 62 65 0 64 55 57 59 31 32 29 -1 ] [ 1479 -0 ] [ 0 0 ] # 0 # 0 - 
59) [ 90 91 98 96 95 94 92 100 15 13 0 5 3 4 2 1 46 48 51 50 52 49 0 29 30 28 17 18 19 16 14 12 10 0 59 60 58 56 53 54 57 55 0 32 33 31 35 37 38 39 36 34 0 78 76 71 70 73 77 79 80 0 65 63 0 43 0 24 0 67 0 42 0 62 74 72 61 0 9 6 7 0 22 0 25 27 26 11 8 0 40 41 0 75 0 45 44 0 47 0 69 68 64 66 0 23 0 20 0 21 0 86 85 88 89 0 87 81 82 83 84 93 97 99 -1 ] [ 1480 -0 ] [ 0 0 ] # 0 # 0 - 
60) [ 83 82 84 98 39 38 37 35 32 29 0 13 17 18 19 15 16 14 12 10 0 75 1 2 4 6 9 11 8 7 0 34 36 33 31 51 45 44 42 41 0 59 60 58 56 53 54 68 64 66 0 40 57 55 80 79 77 76 78 72 61 62 0 23 0 21 0 69 0 22 0 67 0 26 28 30 27 0 87 86 90 0 43 0 74 73 70 71 81 0 25 24 0 49 0 3 5 0 47 0 46 48 50 52 0 63 0 20 0 65 0 91 88 85 89 0 96 95 94 92 93 97 100 99 -1 ] [ 1482 -0 ] [ 0 0 ] # 0 # 0 - 
61) [ 78 77 79 80 53 56 58 60 59 68 64 61 72 0 96 93 92 94 85 84 88 86 87 89 0 8 11 9 6 91 90 74 62 66 0 42 44 45 48 51 50 52 29 27 0 17 18 19 16 14 12 15 13 0 98 95 97 100 99 2 1 4 7 0 47 49 46 43 0 67 0 40 41 0 63 0 31 33 32 34 0 20 0 23 26 0 22 0 69 0 57 54 55 0 75 0 28 30 0 10 0 25 24 0 21 0 35 37 38 39 36 0 65 0 5 3 0 83 82 71 70 73 76 81 -1 ] [ 1483 -0 ] [ 0 0 ] # 0 # 0 - 
62) [ 83 84 85 98 96 95 97 100 99 75 0 94 93 92 82 81 72 55 57 59 0 54 53 56 58 60 45 48 51 50 52 49 0 31 35 37 38 39 36 30 11 9 6 8 0 13 17 18 19 15 16 14 12 0 65 66 62 74 61 64 68 69 0 20 0 23 0 22 0 5 0 10 0 26 28 27 25 0 47 46 43 0 7 0 4 2 1 87 86 0 89 88 0 67 0 90 91 0 3 0 32 33 34 29 0 63 0 21 0 24 0 42 44 40 41 0 78 76 71 70 73 77 79 80 -1 ] [ 1486 -0 ] [ 0 0 ] # 0 # 0 - 
63) [ 24 27 13 100 97 93 92 94 96 1 3 0 90 89 88 85 84 83 82 48 50 51 31 52 49 0 54 53 56 58 60 35 32 29 0 15 12 14 16 19 18 17 0 33 37 38 39 36 34 30 28 26 0 81 78 76 71 70 73 77 79 80 72 0 59 57 55 68 0 22 0 8 7 0 23 0 63 74 62 65 0 21 0 42 43 0 47 0 5 0 10 11 9 0 75 0 6 4 0 25 0 66 69 0 67 0 41 40 44 45 46 0 20 0 64 61 0 2 99 95 98 91 87 86 -1 ] [ 1486 -0 ] [ 0 0 ] # 0 # 0 - 
64) [ 47 46 42 40 72 73 70 71 76 78 82 83 0 1 99 100 97 93 92 94 95 96 98 0 54 53 56 58 60 59 44 12 14 0 13 15 16 19 18 17 30 27 24 0 55 57 45 48 51 50 52 49 0 36 39 38 37 35 31 33 32 0 25 22 0 67 0 23 0 21 0 75 0 26 28 34 29 0 69 66 62 0 65 0 74 61 64 68 41 0 6 2 0 43 0 4 3 0 7 0 10 11 9 8 0 5 0 63 0 20 0 80 79 77 81 0 91 89 88 85 84 86 87 90 -1 ] [ 1486 -0 ] [ 0 0 ] # 0 # 0 - 
65) [ 46 48 45 68 61 74 86 87 90 9 11 0 8 6 2 84 83 82 71 70 73 76 0 98 96 95 94 92 93 97 100 99 1 0 59 60 58 56 53 54 64 62 0 17 18 19 16 14 12 15 13 0 32 31 35 33 37 38 39 36 34 0 3 4 0 7 0 5 0 67 0 47 0 26 28 25 24 0 29 30 27 0 23 0 66 69 40 41 43 0 52 49 0 75 0 63 65 0 10 0 91 88 85 89 0 22 0 21 0 20 0 55 57 44 42 0 81 78 77 79 80 72 51 50 -1 ] [ 1487 -0 ] [ 0 0 ] # 0 # 0 - 
66) [ 95 94 92 93 97 100 99 4 7 10 0 90 80 79 77 78 81 82 83 84 85 96 98 0 29 30 28 11 8 9 6 91 88 89 0 34 36 39 38 37 35 31 33 32 0 17 18 19 16 14 12 15 13 0 62 61 64 68 46 47 49 0 5 3 0 67 0 63 0 21 0 43 0 60 58 56 53 0 1 2 75 0 66 0 52 50 51 48 45 0 27 25 0 20 0 23 26 0 65 0 41 40 44 42 0 22 0 24 0 69 0 73 70 71 76 0 86 87 74 72 55 54 57 59 -1 ] [ 1487 -0 ] [ 0 0 ] # 0 # 0 - 
67) [ 52 50 51 48 59 57 55 64 61 72 74 62 0 77 79 80 54 53 56 58 60 68 0 11 12 14 16 15 19 18 17 13 0 47 46 45 49 29 27 30 28 0 32 33 31 35 37 38 39 36 34 0 75 1 2 99 100 97 96 98 88 89 0 20 0 10 0 90 0 21 0 69 0 8 9 6 4 0 5 3 7 0 91 0 43 42 44 40 41 0 25 24 0 65 0 26 23 0 22 0 87 86 78 81 0 63 0 67 0 66 0 73 70 71 76 0 95 94 93 92 85 84 82 83 -1 ] [ 1487 -0 ] [ 0 0 ] # 0 # 0 - 
68) [ 76 71 70 73 77 79 80 72 61 57 40 0 26 28 30 17 18 36 34 50 51 48 45 41 0 27 29 32 33 39 38 37 35 31 0 59 60 58 56 53 54 55 64 68 0 13 15 19 16 14 12 9 11 10 0 98 99 97 100 2 1 4 6 8 7 3 0 65 0 90 0 25 24 0 5 0 43 46 44 42 0 63 0 62 74 0 91 0 67 0 52 49 47 0 75 0 23 22 0 20 0 69 66 0 89 0 96 94 92 93 95 0 21 0 87 86 0 88 85 84 83 82 78 81 -1 ] [ 1487 -0 ] [ 0 0 ] # 0 # 0 - 
69) [ 31 52 50 51 48 45 46 44 59 57 40 41 42 0 80 79 84 85 94 92 93 97 100 0 1 91 86 83 82 78 76 71 70 73 77 81 0 60 58 56 53 54 55 68 0 13 15 12 14 16 19 18 17 0 34 36 39 38 37 35 33 32 0 47 0 49 0 23 0 21 0 10 0 9 6 4 2 0 69 66 65 0 75 0 62 72 74 3 7 0 64 61 0 63 0 8 11 0 67 0 90 87 88 89 0 5 0 20 0 43 0 99 96 95 98 0 22 25 26 28 30 29 27 24 -1 ] [ 1487 -0 ] [ 0 0 ] # 0 # 0 - 
70) [ 79 77 73 70 80 53 56 58 60 59 40 0 90 87 86 85 88 98 2 39 36 34 0 31 35 38 37 33 32 11 9 6 4 0 43 46 51 48 45 44 68 64 62 0 12 14 16 15 19 18 17 13 0 96 95 94 92 93 97 100 99 1 75 0 49 52 50 47 0 5 0 3 7 0 22 0 26 28 30 29 0 20 0 42 41 0 63 0 21 0 55 54 57 0 24 0 89 91 0 67 0 27 25 0 23 0 74 72 61 66 69 0 65 0 8 10 0 84 83 82 71 76 78 81 -1 ] [ 1487 -0 ] [ 0 0 ] # 0 # 0 - 
71) [ 72 80 79 77 73 70 71 76 78 81 82 83 86 0 98 95 94 92 93 97 96 100 99 0 64 68 55 53 56 58 60 35 37 33 0 1 91 89 90 74 61 54 57 59 0 28 30 17 18 19 15 16 14 12 11 0 34 38 39 36 29 24 0 7 0 75 0 21 0 67 0 69 0 49 47 66 62 0 25 27 26 0 20 0 32 31 51 50 52 0 9 8 0 63 0 13 10 0 22 0 2 6 4 3 0 65 0 5 0 23 0 41 40 42 43 0 88 85 84 87 44 45 48 46 -1 ] [ 1487 -0 ] [ 0 0 ] # 0 # 0 - 
72) [ 9 6 4 1 98 91 89 90 72 55 57 59 40 43 0 96 95 94 92 93 97 100 99 0 41 60 58 56 53 54 64 61 66 0 17 18 19 16 14 12 15 13 11 0 32 33 36 39 38 37 35 31 0 52 50 51 48 45 68 62 74 0 75 2 0 7 0 23 0 25 0 24 0 88 85 84 86 0 28 30 27 0 26 0 67 69 42 44 46 0 49 47 0 22 0 3 5 0 20 0 29 34 10 8 0 63 0 21 0 65 0 81 82 83 87 0 78 76 71 70 73 77 79 80 -1 ] [ 1487 -0 ] [ 0 0 ] # 0 # 0 - 
73) [ 49 50 48 45 44 59 57 40 41 42 46 47 43 0 73 70 71 76 78 95 97 100 99 98 0 96 94 93 92 83 82 81 79 77 80 0 55 54 53 56 58 60 51 52 0 10 11 13 15 16 19 18 17 0 31 35 32 33 37 38 39 36 34 0 27 0 23 0 21 0 63 0 24 0 69 66 62 74 0 7 4 3 0 65 0 6 9 14 12 8 0 30 29 0 67 0 2 1 0 20 0 91 88 89 90 0 22 0 25 0 5 0 72 61 64 68 0 87 86 84 85 75 26 28 -1 ] [ 1487 -0 ] [ 0 0 ] # 0 # 0 - 
74) [ 81 78 76 73 70 71 82 83 84 0 96 97 93 92 94 95 98 65 66 69 0 90 86 87 40 44 45 48 51 46 42 41 43 0 55 54 53 56 58 60 59 57 0 75 1 4 11 30 39 36 34 0 52 50 31 35 38 37 33 32 0 29 27 25 0 3 0 22 0 10 0 63 0 7 6 9 8 0 2 100 99 0 67 0 62 72 61 64 68 0 26 28 0 21 0 47 49 0 24 0 89 85 88 91 0 23 0 5 0 20 0 74 80 79 77 0 13 15 12 14 16 19 18 17 -1 ] [ 1490 -0 ] [ 0 0 ] # 0 # 0 - 
75) [ 8 9 6 4 75 91 89 88 85 86 87 90 0 81 78 73 70 71 76 82 83 84 0 36 39 38 37 35 60 58 56 53 0 46 51 48 59 57 54 55 68 98 96 0 26 18 19 16 14 12 15 17 13 0 49 50 52 31 33 32 34 29 30 28 27 0 41 40 0 20 0 11 10 0 67 0 43 42 44 45 0 5 0 24 25 0 65 0 63 0 61 64 62 0 7 0 1 2 0 47 0 69 66 0 3 0 74 72 80 77 79 0 21 0 22 23 0 99 100 97 93 92 94 95 -1 ] [ 1496 -0 ] [ 0 0 ] # 0 # 0 - 
76) [ 46 50 51 48 45 72 73 70 71 76 78 86 87 0 99 100 97 93 92 94 95 96 98 0 42 44 60 58 56 53 64 68 0 66 69 17 18 19 15 13 10 0 9 11 12 14 16 31 52 49 47 0 32 33 35 37 38 39 36 34 0 75 1 2 0 65 0 43 0 67 0 20 0 8 6 4 3 0 25 27 24 0 23 0 40 59 57 54 55 0 63 62 0 21 0 74 61 0 7 0 91 88 89 90 0 22 0 41 0 5 0 29 30 28 26 0 80 77 79 81 82 83 84 85 -1 ] [ 1498 -0 ] [ 0 0 ] # 0 # 0 - 
77) [ 3 7 6 4 1 98 96 93 94 95 91 0 80 79 77 78 81 2 8 11 10 30 28 26 0 76 73 70 71 92 97 100 99 0 55 57 54 53 56 58 60 59 0 9 12 14 16 15 19 18 17 13 0 34 36 39 38 37 35 51 50 48 43 0 66 64 68 69 0 24 0 61 72 0 23 0 87 84 82 83 0 20 0 89 90 0 25 0 65 0 88 85 86 0 22 0 74 62 0 67 0 40 41 0 63 0 31 33 32 29 27 0 21 0 75 5 0 42 44 45 46 47 49 52 -1 ] [ 1500 -0 ] [ 0 0 ] # 0 # 0 - 
78) [ 87 86 85 84 83 82 78 81 68 40 44 41 0 59 60 58 56 53 90 91 92 93 94 0 27 30 28 10 11 9 8 6 4 0 34 36 39 38 37 35 31 51 50 0 12 14 16 15 19 18 17 13 0 98 96 95 97 100 99 2 1 3 5 0 46 45 48 49 0 47 0 43 42 0 67 0 29 32 33 52 0 26 0 69 66 0 20 0 22 0 55 54 57 0 21 0 89 88 0 23 0 63 65 0 7 0 62 74 72 61 64 0 75 0 25 24 0 77 76 71 70 73 79 80 -1 ] [ 1504 -0 ] [ 0 0 ] # 0 # 0 - 
79) [ 78 76 71 70 73 77 79 64 68 40 44 45 48 46 0 98 96 95 94 92 93 97 100 99 0 91 90 74 53 56 58 60 0 62 66 69 17 18 19 13 11 0 8 9 12 14 16 15 47 42 0 32 33 31 35 37 38 39 36 34 0 75 2 1 0 67 0 65 0 20 0 21 0 26 28 30 29 0 24 27 25 0 7 0 41 59 57 54 55 0 6 4 0 43 0 5 3 0 23 0 89 88 86 87 0 22 0 63 0 10 0 49 51 50 52 0 61 72 80 81 82 83 84 85 -1 ] [ 1504 -0 ] [ 0 0 ] # 0 # 0 - 
80) [ 94 92 93 97 100 11 10 28 26 0 52 31 35 33 37 38 39 36 34 30 0 98 95 96 99 4 50 51 48 45 46 47 0 55 54 53 56 58 60 59 57 0 17 18 19 16 14 12 15 13 0 83 82 81 79 77 73 80 72 40 44 42 41 0 68 64 61 62 0 22 0 25 24 0 23 0 27 29 32 49 0 21 0 89 90 0 3 0 20 0 8 9 6 0 5 0 66 69 0 75 0 74 63 0 7 0 78 76 70 71 86 0 43 0 67 65 0 87 84 85 88 91 2 1 -1 ] [ 1506 -0 ] [ 0 0 ] # 0 # 0 - 
81) [ 15 12 14 16 19 18 17 30 52 49 0 75 2 91 84 83 82 71 70 73 76 0 98 96 95 94 92 93 97 100 99 1 0 54 53 56 58 60 31 35 32 0 33 37 38 39 36 34 28 10 7 0 3 4 6 8 9 11 13 26 23 0 66 62 0 21 0 90 0 69 0 41 0 42 46 44 40 0 27 29 24 0 5 0 87 86 85 88 89 0 63 74 0 20 0 22 25 0 65 0 72 61 64 68 0 47 0 67 0 43 0 45 48 51 50 0 81 78 77 79 80 55 57 59 -1 ] [ 1507 -0 ] [ 0 0 ] # 0 # 0 - 
82) [ 75 91 89 85 84 83 82 71 70 73 77 0 79 80 57 45 32 33 29 11 9 4 3 5 0 99 100 97 93 92 94 95 96 98 0 68 55 54 53 56 58 60 59 40 0 10 12 14 16 15 19 18 17 13 0 52 50 48 51 31 35 37 38 39 36 34 0 20 0 63 0 24 25 0 69 0 27 30 28 26 0 21 0 47 49 0 8 0 67 0 6 2 1 0 66 0 41 42 0 43 0 46 44 0 65 0 62 74 81 78 76 0 7 0 23 22 0 64 61 72 86 87 88 90 -1 ] [ 1507 -0 ] [ 0 0 ] # 0 # 0 - 
83) [ 87 86 83 76 78 81 82 84 85 89 90 0 91 98 2 1 4 6 9 11 10 26 27 24 0 52 50 51 48 45 46 42 44 40 41 0 55 54 53 56 58 60 59 0 17 18 19 16 14 12 15 13 0 34 36 39 38 37 33 35 31 0 63 65 0 43 0 23 0 8 0 21 0 28 30 29 32 0 62 72 61 0 69 0 47 49 57 64 68 0 3 5 0 20 0 22 25 0 67 0 77 73 70 71 0 75 0 7 0 66 0 74 80 79 88 0 99 100 97 93 92 94 95 96 -1 ] [ 1510 -0 ] [ 0 0 ] # 0 # 0 - 
84) [ 66 68 64 61 72 74 91 98 97 100 0 95 94 92 93 96 99 37 35 31 50 52 49 0 90 87 86 83 82 84 85 88 89 0 62 80 54 53 56 58 60 51 48 47 0 27 29 30 18 19 15 16 14 12 11 0 34 36 39 38 33 32 0 69 0 43 0 21 0 25 0 23 0 6 9 8 10 0 7 3 5 0 22 0 42 46 45 44 41 0 2 1 0 67 0 4 75 0 24 0 26 28 17 13 0 20 0 63 0 65 0 40 59 57 55 0 79 77 73 70 71 76 78 81 -1 ] [ 1512 -0 ] [ 0 0 ] # 0 # 0 - 
85) [ 79 77 80 53 56 60 58 54 55 59 0 17 18 19 16 14 12 15 13 10 0 34 36 39 33 32 52 50 45 44 68 64 0 94 92 93 97 100 99 2 6 23 24 0 29 38 37 35 31 51 48 46 43 0 25 27 30 28 26 11 9 8 0 49 47 0 21 0 20 0 65 0 66 0 7 4 3 5 0 89 86 87 0 63 0 1 96 95 98 91 0 74 62 0 75 0 72 61 0 67 0 57 40 41 42 0 90 0 69 0 22 0 88 85 84 83 0 82 76 71 70 73 78 81 -1 ] [ 1519 -0 ] [ 0 0 ] # 0 # 0 - 
86) [ 47 51 48 45 59 57 40 41 42 44 46 43 0 79 77 73 70 71 76 78 97 100 99 98 0 96 95 94 93 92 82 81 80 0 64 54 53 56 58 60 55 68 0 12 14 16 15 19 18 17 0 49 52 50 35 37 38 39 36 34 0 32 33 31 0 21 0 5 0 23 0 65 0 30 13 8 7 0 69 66 62 0 20 0 4 6 9 11 10 0 1 2 0 67 0 27 29 0 3 0 83 84 85 88 0 22 0 25 0 24 0 61 72 74 63 0 90 87 86 89 91 75 26 28 -1 ] [ 1520 -0 ] [ 0 0 ] # 0 # 0 - 
87) [ 77 73 70 71 76 78 82 83 84 95 98 0 42 41 40 60 58 56 53 80 79 81 0 10 12 14 16 15 19 18 17 13 0 91 89 90 31 35 37 38 39 36 34 29 0 1 2 9 11 8 6 4 3 0 61 64 68 44 45 48 46 47 0 25 22 0 75 0 7 0 20 0 5 0 99 100 97 96 0 92 93 94 0 67 0 72 55 54 57 59 0 63 65 0 66 0 62 74 0 21 0 88 85 86 87 0 69 0 23 0 43 0 27 30 28 26 0 24 33 32 52 51 50 49 -1 ] [ 1520 -0 ] [ 0 0 ] # 0 # 0 - 
88) [ 32 33 31 35 37 38 39 36 0 52 34 30 100 97 94 95 96 98 2 1 0 92 93 99 9 8 11 10 47 50 51 49 0 55 54 53 56 58 60 59 57 0 17 18 19 16 14 12 15 13 0 87 83 82 81 79 77 80 72 61 40 44 42 0 68 64 62 74 0 67 0 89 90 0 75 0 26 28 27 29 0 21 0 7 3 0 5 0 20 0 45 48 46 0 65 0 22 23 0 66 0 25 24 0 63 0 78 73 70 71 76 0 69 0 43 41 0 86 84 85 88 91 4 6 -1 ] [ 1523 -0 ] [ 0 0 ] # 0 # 0 - 
89) [ 83 82 78 76 71 70 73 72 40 44 42 0 89 88 85 84 86 87 90 41 45 48 46 0 50 51 31 33 32 26 11 9 2 1 0 59 60 58 56 53 54 55 57 0 17 18 19 16 14 12 15 13 0 35 37 38 39 36 34 29 24 0 7 5 0 65 0 20 0 43 0 66 0 4 6 8 10 0 68 64 61 0 63 0 25 27 30 28 23 0 3 75 0 22 0 62 74 0 69 0 81 77 79 80 0 67 0 21 0 47 0 99 100 97 98 0 96 94 92 93 95 91 52 49 -1 ] [ 1523 -0 ] [ 0 0 ] # 0 # 0 - 
90) [ 88 84 83 82 78 76 71 70 73 77 51 50 0 59 60 58 56 53 54 80 79 81 0 49 52 99 100 97 93 92 94 95 0 68 55 57 64 61 72 87 86 85 96 98 0 13 15 19 18 17 34 29 24 0 36 39 38 37 35 31 33 32 0 62 74 0 22 0 7 0 21 0 65 0 6 4 2 1 0 90 89 91 0 75 0 41 40 44 42 43 0 66 69 0 25 0 3 5 0 20 0 47 46 45 48 0 63 0 67 0 23 0 26 28 30 27 0 8 9 12 14 16 11 10 -1 ] [ 1523 -0 ] [ 0 0 ] # 0 # 0 - 
91) [ 90 85 84 83 82 78 81 64 40 44 45 42 0 61 72 79 80 54 53 56 58 60 55 68 0 13 15 12 14 16 19 18 17 23 0 52 50 48 51 32 33 34 29 24 0 27 30 36 39 38 37 35 31 59 57 0 7 3 2 1 4 6 9 8 11 10 0 41 0 22 0 28 26 0 67 0 74 62 66 69 0 43 0 75 5 0 20 0 25 0 91 88 89 0 21 0 86 87 0 63 0 46 49 0 47 0 76 71 70 73 77 0 65 0 99 98 0 96 95 94 92 93 97 100 -1 ] [ 1525 -0 ] [ 0 0 ] # 0 # 0 - 
92) [ 2 99 100 97 93 92 94 95 91 0 7 10 11 9 8 6 1 96 98 85 84 83 89 0 55 53 56 60 58 54 59 12 14 0 13 15 16 19 18 17 30 27 24 0 44 45 46 48 51 50 52 49 0 31 35 37 38 39 33 32 29 0 36 34 0 20 0 75 0 21 0 63 0 25 28 26 23 0 74 81 82 0 5 0 62 72 61 64 68 0 43 47 0 66 0 4 3 0 67 0 88 86 87 90 0 22 0 69 0 65 0 42 41 40 57 0 80 79 77 73 70 71 76 78 -1 ] [ 1528 -0 ] [ 0 0 ] # 0 # 0 - 
93) [ 47 49 50 48 59 57 80 82 83 84 85 90 0 29 34 36 39 38 37 35 31 52 46 43 0 41 42 27 30 28 26 23 22 0 13 17 18 19 15 16 14 12 11 0 6 9 33 32 51 45 44 40 0 68 64 55 54 53 56 58 60 0 7 8 0 3 0 20 0 21 0 63 0 98 96 95 91 0 100 97 99 0 10 0 94 93 92 88 89 0 86 87 0 69 0 25 24 0 65 0 75 1 2 4 0 67 0 66 0 5 0 62 74 72 61 0 81 78 76 71 70 73 77 79 -1 ] [ 1529 -0 ] [ 0 0 ] # 0 # 0 - 
94) [ 47 46 44 45 48 50 51 31 33 32 52 49 0 17 14 12 99 100 97 93 92 94 96 0 27 29 34 36 39 38 37 35 0 26 28 30 18 19 16 15 13 11 0 98 95 83 82 81 72 40 41 0 56 58 60 8 9 6 4 2 1 0 25 24 0 67 0 22 0 69 0 23 0 66 61 64 68 0 63 74 62 0 20 0 55 53 54 57 59 0 3 7 0 10 0 43 42 0 21 0 91 88 89 90 0 75 0 5 0 65 0 86 85 84 87 0 78 76 71 70 73 77 79 80 -1 ] [ 1529 -0 ] [ 0 0 ] # 0 # 0 - 
95) [ 13 17 19 18 39 38 37 36 34 0 49 47 69 80 79 77 76 78 81 82 83 89 0 46 45 44 40 68 64 61 72 74 62 66 0 54 53 56 58 60 59 48 51 50 0 15 16 14 12 11 8 9 6 0 52 31 35 33 32 29 30 28 0 4 1 0 22 0 10 0 65 0 67 0 99 100 97 96 0 41 42 43 0 75 0 91 88 85 86 87 0 57 55 0 63 0 7 3 0 21 0 24 25 27 26 0 5 0 23 0 20 0 95 93 92 94 0 90 73 70 71 84 98 2 -1 ] [ 1529 -0 ] [ 0 0 ] # 0 # 0 - 
96) [ 52 50 45 44 40 72 80 77 79 81 83 98 99 2 0 78 73 70 71 76 82 84 95 96 75 0 59 60 58 56 53 54 55 64 61 0 17 18 19 15 16 14 12 0 26 28 30 34 36 33 32 29 0 3 1 4 6 9 11 8 7 0 66 68 0 20 0 69 0 43 0 65 0 42 46 48 49 0 24 27 25 0 21 0 94 92 93 97 100 0 10 13 0 22 0 74 62 0 67 0 87 86 85 88 0 5 0 47 0 23 0 91 89 90 63 0 41 57 51 31 35 37 38 39 -1 ] [ 1532 -0 ] [ 0 0 ] # 0 # 0 - 
97) [ 47 49 28 30 18 17 6 4 1 2 98 0 46 51 48 45 80 79 77 73 70 71 76 0 99 100 97 93 92 94 95 96 0 55 54 53 56 58 60 59 44 42 0 10 11 13 15 19 16 14 12 9 8 0 90 91 89 88 85 84 83 72 61 64 57 68 0 3 0 43 0 87 86 0 5 0 24 27 25 22 0 69 0 62 74 0 67 0 20 0 82 78 81 0 7 0 63 65 0 66 0 41 40 0 21 0 32 33 31 50 52 0 75 0 26 23 0 29 34 36 39 38 37 35 -1 ] [ 1532 -0 ] [ 0 0 ] # 0 # 0 - 
98) [ 91 98 95 92 93 94 85 83 72 61 64 0 34 36 39 38 37 35 31 49 0 25 27 24 52 50 51 80 79 82 84 88 0 54 53 56 58 60 59 44 46 47 0 17 18 19 16 14 12 15 13 0 90 89 86 87 74 62 66 41 45 48 0 1 2 0 22 0 21 0 67 0 75 0 99 100 97 96 0 23 28 26 0 63 0 4 6 9 11 8 0 42 43 0 65 0 7 3 0 10 0 40 57 55 68 0 69 0 5 0 20 0 30 33 32 29 0 77 73 70 71 76 78 81 -1 ] [ 1532 -0 ] [ 0 0 ] # 0 # 0 - 
99) [ 40 57 64 61 72 80 77 73 70 71 76 78 0 98 96 95 93 92 94 82 81 79 0 59 60 58 56 53 54 55 68 66 0 12 14 16 15 19 18 32 52 50 49 0 34 36 39 38 37 33 35 31 0 26 28 30 17 13 11 9 0 8 6 4 0 69 0 67 0 20 0 10 0 25 27 29 24 0 87 86 90 0 3 0 89 88 85 84 83 0 63 65 0 21 0 43 41 0 23 0 97 100 99 75 0 5 0 7 0 22 0 42 44 46 47 0 1 2 91 74 62 45 48 51 -1 ] [ 1533 -0 ] [ 0 0 ] # 0 # 0 - 
100) [ 88 84 83 82 78 76 71 70 73 77 51 50 0 59 54 58 60 56 53 80 79 81 0 47 49 99 100 97 93 92 94 95 0 57 55 64 61 72 62 87 86 85 96 98 0 13 15 19 17 18 34 29 24 0 36 39 38 37 35 31 33 32 0 66 74 0 25 0 22 0 20 0 5 0 7 6 4 3 0 90 89 91 0 65 0 41 40 44 42 43 0 69 68 0 23 0 2 1 0 75 0 46 45 48 52 0 67 0 63 0 21 0 27 30 28 26 0 8 9 12 14 16 11 10 -1 ] [ 1534 -0 ] [ 0 0 ] # 0 # 0 - 