200
1) [ 41 40 59 60 58 56 53 54 55 57 0 24 31 35 37 38 39 36 30 28 22 0 10 23 26 27 29 34 33 32 25 0 1 99 100 97 93 92 94 95 96 98 0 90 87 86 83 82 84 85 88 89 91 0 67 65 62 72 61 64 68 66 69 0 5 7 3 4 8 9 6 2 75 0 63 74 80 79 77 73 70 71 76 78 81 0 21 20 47 46 49 52 50 51 48 45 44 42 43 0 11 12 14 16 15 19 18 17 13 -1 -1 -1 -1 -1 -1 -1 -1 -1 -1 -1 -1 -1 -1 -1 -1 ] [ 877 -0 10 ] [ 0 0 0 ] # 0 # 0 - 
2) [ 41 40 59 60 58 56 53 54 55 57 0 24 31 35 37 38 39 36 30 28 22 0 10 23 26 27 29 34 33 32 25 0 1 99 100 97 93 92 94 95 96 98 0 90 87 86 83 82 84 85 88 89 91 0 67 65 62 72 61 64 68 66 69 0 5 7 3 4 8 9 6 2 75 0 63 74 80 79 77 73 70 71 76 78 81 0 21 20 47 46 49 52 50 51 48 45 44 42 43 0 11 12 14 16 15 19 18 17 13 -1 -1 -1 -1 -1 -1 -1 -1 -1 -1 -1 -1 -1 -1 -1 -1 ] [ 877 -0 10 ] [ 0 0 0 ] # 0 # 0 - 
3) [ 41 40 59 60 58 56 53 54 55 57 0 24 31 35 37 38 39 36 30 28 22 0 10 23 26 27 29 34 33 32 25 0 1 99 100 97 93 92 94 95 96 98 0 90 87 86 83 82 84 85 88 89 91 0 67 65 62 72 61 64 68 66 69 0 5 7 3 4 8 9 6 2 75 0 63 74 80 79 77 73 70 71 76 78 81 0 21 20 47 46 49 52 50 51 48 45 44 42 43 0 11 12 14 16 15 19 18 17 13 -1 -1 -1 -1 -1 -1 -1 -1 -1 -1 -1 -1 -1 -1 -1 -1 ] [ 877 -0 10 ] [ 0 0 0 ] # 0 # 0 - 
4) [ 41 40 59 60 58 56 53 54 55 57 0 24 31 35 37 38 39 36 30 28 22 0 10 23 26 27 29 34 33 32 25 0 1 99 100 97 93 92 94 95 96 98 0 90 87 86 83 82 84 85 88 89 91 0 67 65 62 72 61 64 68 66 69 0 5 7 3 4 8 9 6 2 75 0 63 74 80 79 77 73 70 71 76 78 81 0 21 20 47 46 49 52 50 51 48 45 44 42 43 0 11 12 14 16 15 19 18 17 13 -1 -1 -1 -1 -1 -1 -1 -1 -1 -1 -1 -1 -1 -1 -1 -1 ] [ 877 -0 10 ] [ 0 0 0 ] # 0 # 0 - 
5) [ 41 40 59 60 58 56 53 54 55 57 0 24 31 35 37 38 39 36 30 28 22 0 10 23 26 27 29 34 33 32 25 0 1 99 100 97 93 92 94 95 96 98 0 90 87 86 83 82 84 85 88 89 91 0 67 65 62 72 61 64 68 66 69 0 5 7 3 4 8 9 6 2 75 0 63 74 80 79 77 73 70 71 76 78 81 0 21 20 47 46 49 52 50 51 48 45 44 42 43 0 11 12 14 16 15 19 18 17 13 -1 -1 -1 -1 -1 -1 -1 -1 -1 -1 -1 -1 -1 -1 -1 -1 ] [ 877 -0 10 ] [ 0 0 0 ] # 0 # 0 - 
6) [ 41 40 59 60 58 56 53 54 55 57 0 24 31 35 37 38 39 36 30 28 22 0 10 23 26 27 29 34 33 32 25 0 1 99 100 97 93 92 94 95 96 98 0 90 87 86 83 82 84 85 88 89 91 0 67 65 62 72 61 64 68 66 69 0 5 7 3 4 8 9 6 2 75 0 63 74 80 79 77 73 70 71 76 78 81 0 21 20 47 46 49 52 50 51 48 45 44 42 43 0 11 12 14 16 15 19 18 17 13 -1 -1 -1 -1 -1 -1 -1 -1 -1 -1 -1 -1 -1 -1 -1 -1 ] [ 877 -0 10 ] [ 0 0 0 ] # 0 # 0 - 
7) [ 41 40 59 60 58 56 53 54 55 57 0 24 31 35 37 38 39 36 30 28 22 0 10 23 26 27 29 34 33 32 25 0 1 99 100 97 93 92 94 95 96 98 0 90 87 86 83 82 84 85 88 89 91 0 67 65 62 72 61 64 68 66 69 0 5 7 3 4 8 9 6 2 75 0 63 74 80 79 77 73 70 71 76 78 81 0 21 20 47 46 49 52 50 51 48 45 44 42 43 0 11 12 14 16 15 19 18 17 13 -1 -1 -1 -1 -1 -1 -1 -1 -1 -1 -1 -1 -1 -1 -1 -1 ] [ 877 -0 10 ] [ 0 0 0 ] # 0 # 0 - 
8) [ 41 40 59 60 58 56 53 54 55 57 0 24 31 35 37 38 39 36 30 28 22 0 10 23 26 27 29 34 33 32 25 0 1 99 100 97 93 92 94 95 96 98 0 90 87 86 83 82 84 85 88 89 91 0 67 65 62 72 61 64 68 66 69 0 5 7 3 4 8 9 6 2 75 0 63 74 80 79 77 73 70 71 76 78 81 0 21 20 47 46 49 52 50 51 48 45 44 42 43 0 11 12 14 16 15 19 18 17 13 -1 -1 -1 -1 -1 -1 -1 -1 -1 -1 -1 -1 -1 -1 -1 -1 ] [ 877 -0 10 ] [ 0 0 0 ] # 0 # 0 - 
9) [ 41 40 59 60 58 56 53 54 55 57 0 24 31 35 37 38 39 36 30 28 22 0 10 23 26 27 29 34 33 32 25 0 1 99 100 97 93 92 94 95 96 98 0 90 87 86 83 82 84 85 88 89 91 0 67 65 62 72 61 64 68 66 69 0 5 7 3 4 8 9 6 2 75 0 63 74 80 79 77 73 70 71 76 78 81 0 21 20 47 46 49 52 50 51 48 45 44 42 43 0 11 12 14 16 15 19 18 17 13 -1 -1 -1 -1 -1 -1 -1 -1 -1 -1 -1 -1 -1 -1 -1 -1 ] [ 877 -0 10 ] [ 0 0 0 ] # 0 # 0 - 
10) [ 41 40 59 60 58 56 53 54 55 57 0 24 31 35 37 38 39 36 30 28 22 0 10 23 26 27 29 34 33 32 25 0 1 99 100 97 93 92 94 95 96 98 0 90 87 86 83 82 84 85 88 89 91 0 67 65 62 72 61 64 68 66 69 0 5 7 3 4 8 9 6 2 75 0 63 74 80 79 77 73 70 71 76 78 81 0 21 20 47 46 49 52 50 51 48 45 44 42 43 0 11 12 14 16 15 19 18 17 13 -1 -1 -1 -1 -1 -1 -1 -1 -1 -1 -1 -1 -1 -1 -1 -1 ] [ 877 -0 10 ] [ 0 0 0 ] # 0 # 0 - 
11) [ 41 40 59 60 58 56 53 54 55 57 0 24 31 35 37 38 39 36 30 28 22 0 10 23 26 27 29 34 33 32 25 0 1 99 100 97 93 92 94 95 96 98 0 90 87 86 83 82 84 85 88 89 91 0 67 65 62 72 61 64 68 66 69 0 5 7 3 4 8 9 6 2 75 0 63 74 80 79 77 73 70 71 76 78 81 0 21 20 47 46 49 52 50 51 48 45 44 42 43 0 11 12 14 16 15 19 18 17 13 -1 -1 -1 -1 -1 -1 -1 -1 -1 -1 -1 -1 -1 -1 -1 -1 ] [ 877 -0 10 ] [ 0 0 0 ] # 0 # 0 - 
12) [ 41 40 59 60 58 56 53 54 55 57 0 24 31 35 37 38 39 36 30 28 22 0 10 23 26 27 29 34 33 32 25 0 1 99 100 97 93 92 94 95 96 98 0 90 87 86 83 82 84 85 88 89 91 0 67 65 62 72 61 64 68 66 69 0 5 7 3 4 8 9 6 2 75 0 63 74 80 79 77 73 70 71 76 78 81 0 21 20 47 46 49 52 50 51 48 45 44 42 43 0 11 12 14 16 15 19 18 17 13 -1 -1 -1 -1 -1 -1 -1 -1 -1 -1 -1 -1 -1 -1 -1 -1 ] [ 877 -0 10 ] [ 0 0 0 ] # 0 # 0 - 
13) [ 41 40 59 60 58 56 53 54 55 57 0 24 31 35 37 38 39 36 30 28 22 0 10 23 26 27 29 34 33 32 25 0 1 99 100 97 93 92 94 95 96 98 0 90 87 86 83 82 84 85 88 89 91 0 67 65 62 72 61 64 68 66 69 0 5 7 3 4 8 9 6 2 75 0 63 74 80 79 77 73 70 71 76 78 81 0 21 20 47 46 49 52 50 51 48 45 44 42 43 0 11 12 14 16 15 19 18 17 13 -1 -1 -1 -1 -1 -1 -1 -1 -1 -1 -1 -1 -1 -1 -1 -1 ] [ 877 -0 10 ] [ 0 0 0 ] # 0 # 0 - 
14) [ 41 40 59 60 58 56 53 54 55 57 0 24 31 35 37 38 39 36 30 28 22 0 10 23 26 27 29 34 33 32 25 0 1 99 100 97 93 92 94 95 96 98 0 90 87 86 83 82 84 85 88 89 91 0 67 65 62 72 61 64 68 66 69 0 5 7 3 4 8 9 6 2 75 0 63 74 80 79 77 73 70 71 76 78 81 0 21 20 47 46 49 52 50 51 48 45 44 42 43 0 11 12 14 16 15 19 18 17 13 -1 -1 -1 -1 -1 -1 -1 -1 -1 -1 -1 -1 -1 -1 -1 -1 ] [ 877 -0 10 ] [ 0 0 0 ] # 0 # 0 - 
15) [ 41 40 59 60 58 56 53 54 55 57 0 24 31 35 37 38 39 36 30 28 22 0 10 23 26 27 29 34 33 32 25 0 1 99 100 97 93 92 94 95 96 98 0 90 87 86 83 82 84 85 88 89 91 0 67 65 62 72 61 64 68 66 69 0 5 7 3 4 8 9 6 2 75 0 63 74 80 79 77 73 70 71 76 78 81 0 21 20 47 46 49 52 50 51 48 45 44 42 43 0 11 12 14 16 15 19 18 17 13 -1 -1 -1 -1 -1 -1 -1 -1 -1 -1 -1 -1 -1 -1 -1 -1 ] [ 877 -0 10 ] [ 0 0 0 ] # 0 # 0 - 
16) [ 41 40 59 60 58 56 53 54 55 57 0 24 31 35 37 38 39 36 30 28 22 0 10 23 26 27 29 34 33 32 25 0 1 99 100 97 93 92 94 95 96 98 0 90 87 86 83 82 84 85 88 89 91 0 67 65 62 72 61 64 68 66 69 0 5 7 3 4 8 9 6 2 75 0 63 74 80 79 77 73 70 71 76 78 81 0 21 20 47 46 49 52 50 51 48 45 44 42 43 0 11 12 14 16 15 19 18 17 13 -1 -1 -1 -1 -1 -1 -1 -1 -1 -1 -1 -1 -1 -1 -1 -1 ] [ 877 -0 10 ] [ 0 0 0 ] # 0 # 0 - 
17) [ 41 40 59 60 58 56 53 54 55 57 0 24 31 35 37 38 39 36 30 28 22 0 10 23 26 27 29 34 33 32 25 0 1 99 100 97 93 92 94 95 96 98 0 90 87 86 83 82 84 85 88 89 91 0 67 65 62 72 61 64 68 66 69 0 5 7 3 4 8 9 6 2 75 0 63 74 80 79 77 73 70 71 76 78 81 0 21 20 47 46 49 52 50 51 48 45 44 42 43 0 11 12 14 16 15 19 18 17 13 -1 -1 -1 -1 -1 -1 -1 -1 -1 -1 -1 -1 -1 -1 -1 -1 ] [ 877 -0 10 ] [ 0 0 0 ] # 0 # 0 - 
18) [ 41 40 59 60 58 56 53 54 55 57 0 24 31 35 37 38 39 36 30 28 22 0 10 23 26 27 29 34 33 32 25 0 1 99 100 97 93 92 94 95 96 98 0 90 87 86 83 82 84 85 88 89 91 0 67 65 62 72 61 64 68 66 69 0 5 7 3 4 8 9 6 2 75 0 63 74 80 79 77 73 70 71 76 78 81 0 21 20 47 46 49 52 50 51 48 45 44 42 43 0 11 12 14 16 15 19 18 17 13 -1 -1 -1 -1 -1 -1 -1 -1 -1 -1 -1 -1 -1 -1 -1 -1 ] [ 877 -0 10 ] [ 0 0 0 ] # 0 # 0 - 
19) [ 41 40 59 60 58 56 53 54 55 57 0 24 31 35 37 38 39 36 30 28 22 0 10 23 26 27 29 34 33 32 25 0 1 99 100 97 93 92 94 95 96 98 0 90 87 86 83 82 84 85 88 89 91 0 67 65 62 72 61 64 68 66 69 0 5 7 3 4 8 9 6 2 75 0 63 74 80 79 77 73 70 71 76 78 81 0 21 20 47 46 49 52 50 51 48 45 44 42 43 0 11 12 14 16 15 19 18 17 13 -1 -1 -1 -1 -1 -1 -1 -1 -1 -1 -1 -1 -1 -1 -1 -1 ] [ 877 -0 10 ] [ 0 0 0 ] # 0 # 0 - 
20) [ 41 40 59 60 58 56 53 54 55 57 0 24 31 35 37 38 39 36 30 28 22 0 10 23 26 27 29 34 33 32 25 0 1 99 100 97 93 92 94 95 96 98 0 90 87 86 83 82 84 85 88 89 91 0 67 65 62 72 61 64 68 66 69 0 5 7 3 4 8 9 6 2 75 0 63 74 80 79 77 73 70 71 76 78 81 0 21 20 47 46 49 52 50 51 48 45 44 42 43 0 11 12 14 16 15 19 18 17 13 -1 -1 -1 -1 -1 -1 -1 -1 -1 -1 -1 -1 -1 -1 -1 -1 ] [ 877 -0 10 ] [ 0 0 0 ] # 0 # 0 - 
21) [ 41 40 59 60 58 56 53 54 55 57 0 24 31 35 37 38 39 36 30 28 22 0 10 23 26 27 29 34 33 32 25 0 1 99 100 97 93 92 94 95 96 98 0 90 87 86 83 82 84 85 88 89 91 0 67 65 62 72 61 64 68 66 69 0 5 7 3 4 8 9 6 2 75 0 63 74 80 79 77 73 70 71 76 78 81 0 21 20 47 46 49 52 50 51 48 45 44 42 43 0 11 12 14 16 15 19 18 17 13 -1 -1 -1 -1 -1 -1 -1 -1 -1 -1 -1 -1 -1 -1 -1 -1 ] [ 877 -0 10 ] [ 0 0 0 ] # 0 # 0 - 
22) [ 41 40 59 60 58 56 53 54 55 57 0 24 31 35 37 38 39 36 30 28 22 0 10 23 26 27 29 34 33 32 25 0 1 99 100 97 93 92 94 95 96 98 0 90 87 86 83 82 84 85 88 89 91 0 67 65 62 72 61 64 68 66 69 0 5 7 3 4 8 9 6 2 75 0 63 74 80 79 77 73 70 71 76 78 81 0 21 20 47 46 49 52 50 51 48 45 44 42 43 0 11 12 14 16 15 19 18 17 13 -1 -1 -1 -1 -1 -1 -1 -1 -1 -1 -1 -1 -1 -1 -1 -1 ] [ 877 -0 10 ] [ 0 0 0 ] # 0 # 0 - 
23) [ 41 40 59 60 58 56 53 54 55 57 0 24 31 35 37 38 39 36 30 28 22 0 10 23 26 27 29 34 33 32 25 0 1 99 100 97 93 92 94 95 96 98 0 90 87 86 83 82 84 85 88 89 91 0 67 65 62 72 61 64 68 66 69 0 5 7 3 4 8 9 6 2 75 0 63 74 80 79 77 73 70 71 76 78 81 0 21 20 47 46 49 52 50 51 48 45 44 42 43 0 11 12 14 16 15 19 18 17 13 -1 -1 -1 -1 -1 -1 -1 -1 -1 -1 -1 -1 -1 -1 -1 -1 ] [ 877 -0 10 ] [ 0 0 0 ] # 0 # 0 - 
24) [ 41 40 59 60 58 56 53 54 55 57 0 24 31 35 37 38 39 36 30 28 22 0 10 23 26 27 29 34 33 32 25 0 1 99 100 97 93 92 94 95 96 98 0 90 87 86 83 82 84 85 88 89 91 0 67 65 62 72 61 64 68 66 69 0 5 7 3 4 8 9 6 2 75 0 63 74 80 79 77 73 70 71 76 78 81 0 21 20 47 46 49 52 50 51 48 45 44 42 43 0 11 12 14 16 15 19 18 17 13 -1 -1 -1 -1 -1 -1 -1 -1 -1 -1 -1 -1 -1 -1 -1 -1 ] [ 877 -0 10 ] [ 0 0 0 ] # 0 # 0 - 
25) [ 41 40 59 60 58 56 53 54 55 57 0 24 31 35 37 38 39 36 30 28 22 0 10 23 26 27 29 34 33 32 25 0 1 99 100 97 93 92 94 95 96 98 0 90 87 86 83 82 84 85 88 89 91 0 67 65 62 72 61 64 68 66 69 0 5 7 3 4 8 9 6 2 75 0 63 74 80 79 77 73 70 71 76 78 81 0 21 20 47 46 49 52 50 51 48 45 44 42 43 0 11 12 14 16 15 19 18 17 13 -1 -1 -1 -1 -1 -1 -1 -1 -1 -1 -1 -1 -1 -1 -1 -1 ] [ 877 -0 10 ] [ 0 0 0 ] # 0 # 0 - 
26) [ 41 40 59 60 58 56 53 54 55 57 0 24 31 35 37 38 39 36 30 28 22 0 10 23 26 27 29 34 33 32 25 0 1 99 100 97 93 92 94 95 96 98 0 90 87 86 83 82 84 85 88 89 91 0 67 65 62 72 61 64 68 66 69 0 5 7 3 4 8 9 6 2 75 0 63 74 80 79 77 73 70 71 76 78 81 0 21 20 47 46 49 52 50 51 48 45 44 42 43 0 11 12 14 16 15 19 18 17 13 -1 -1 -1 -1 -1 -1 -1 -1 -1 -1 -1 -1 -1 -1 -1 -1 ] [ 877 -0 10 ] [ 0 0 0 ] # 0 # 0 - 
27) [ 41 40 59 60 58 56 53 54 55 57 0 24 31 35 37 38 39 36 30 28 22 0 10 23 26 27 29 34 33 32 25 0 1 99 100 97 93 92 94 95 96 98 0 90 87 86 83 82 84 85 88 89 91 0 67 65 62 72 61 64 68 66 69 0 5 7 3 4 8 9 6 2 75 0 63 74 80 79 77 73 70 71 76 78 81 0 21 20 47 46 49 52 50 51 48 45 44 42 43 0 11 12 14 16 15 19 18 17 13 -1 -1 -1 -1 -1 -1 -1 -1 -1 -1 -1 -1 -1 -1 -1 -1 ] [ 877 -0 10 ] [ 0 0 0 ] # 0 # 0 - 
28) [ 41 40 59 60 58 56 53 54 55 57 0 24 31 35 37 38 39 36 30 28 22 0 10 23 26 27 29 34 33 32 25 0 1 99 100 97 93 92 94 95 96 98 0 90 87 86 83 82 84 85 88 89 91 0 67 65 62 72 61 64 68 66 69 0 5 7 3 4 8 9 6 2 75 0 63 74 80 79 77 73 70 71 76 78 81 0 21 20 47 46 49 52 50 51 48 45 44 42 43 0 11 12 14 16 15 19 18 17 13 -1 -1 -1 -1 -1 -1 -1 -1 -1 -1 -1 -1 -1 -1 -1 -1 ] [ 877 -0 10 ] [ 0 0 0 ] # 0 # 0 - 
29) [ 41 40 59 60 58 56 53 54 55 57 0 24 31 35 37 38 39 36 30 28 22 0 10 23 26 27 29 34 33 32 25 0 1 99 100 97 93 92 94 95 96 98 0 90 87 86 83 82 84 85 88 89 91 0 67 65 62 72 61 64 68 66 69 0 5 7 3 4 8 9 6 2 75 0 63 74 80 79 77 73 70 71 76 78 81 0 21 20 47 46 49 52 50 51 48 45 44 42 43 0 11 12 14 16 15 19 18 17 13 -1 -1 -1 -1 -1 -1 -1 -1 -1 -1 -1 -1 -1 -1 -1 -1 ] [ 877 -0 10 ] [ 0 0 0 ] # 0 # 0 - 
30) [ 41 40 59 60 58 56 53 54 55 57 0 24 31 35 37 38 39 36 30 28 22 0 10 23 26 27 29 34 33 32 25 0 1 99 100 97 93 92 94 95 96 98 0 90 87 86 83 82 84 85 88 89 91 0 67 65 62 72 61 64 68 66 69 0 5 7 3 4 8 9 6 2 75 0 63 74 80 79 77 73 70 71 76 78 81 0 21 20 47 46 49 52 50 51 48 45 44 42 43 0 11 12 14 16 15 19 18 17 13 -1 -1 -1 -1 -1 -1 -1 -1 -1 -1 -1 -1 -1 -1 -1 -1 ] [ 877 -0 10 ] [ 0 0 0 ] # 0 # 0 - 
31) [ 41 40 59 60 58 56 53 54 55 57 0 24 31 35 37 38 39 36 30 28 22 0 10 23 26 27 29 34 33 32 25 0 1 99 100 97 93 92 94 95 96 98 0 90 87 86 83 82 84 85 88 89 91 0 67 65 62 72 61 64 68 66 69 0 5 7 3 4 8 9 6 2 75 0 63 74 80 79 77 73 70 71 76 78 81 0 21 20 47 46 49 52 50 51 48 45 44 42 43 0 11 12 14 16 15 19 18 17 13 -1 -1 -1 -1 -1 -1 -1 -1 -1 -1 -1 -1 -1 -1 -1 -1 ] [ 877 -0 10 ] [ 0 0 0 ] # 0 # 0 - 
32) [ 41 40 59 60 58 56 53 54 55 57 0 24 31 35 37 38 39 36 30 28 22 0 10 23 26 27 29 34 33 32 25 0 1 99 100 97 93 92 94 95 96 98 0 90 87 86 83 82 84 85 88 89 91 0 67 65 62 72 61 64 68 66 69 0 5 7 3 4 8 9 6 2 75 0 63 74 80 79 77 73 70 71 76 78 81 0 21 20 47 46 49 52 50 51 48 45 44 42 43 0 11 12 14 16 15 19 18 17 13 -1 -1 -1 -1 -1 -1 -1 -1 -1 -1 -1 -1 -1 -1 -1 -1 ] [ 877 -0 10 ] [ 0 0 0 ] # 0 # 0 - 
33) [ 41 40 59 60 58 56 53 54 55 57 0 24 31 35 37 38 39 36 30 28 22 0 10 23 26 27 29 34 33 32 25 0 1 99 100 97 93 92 94 95 96 98 0 90 87 86 83 82 84 85 88 89 91 0 67 65 62 72 61 64 68 66 69 0 5 7 3 4 8 9 6 2 75 0 63 74 80 79 77 73 70 71 76 78 81 0 21 20 47 46 49 52 50 51 48 45 44 42 43 0 11 12 14 16 15 19 18 17 13 -1 -1 -1 -1 -1 -1 -1 -1 -1 -1 -1 -1 -1 -1 -1 -1 ] [ 877 -0 10 ] [ 0 0 0 ] # 0 # 0 - 
34) [ 41 40 59 60 58 56 53 54 55 57 0 24 31 35 37 38 39 36 30 28 22 0 10 23 26 27 29 34 33 32 25 0 1 99 100 97 93 92 94 95 96 98 0 90 87 86 83 82 84 85 88 89 91 0 67 65 62 72 61 64 68 66 69 0 5 7 3 4 8 9 6 2 75 0 63 74 80 79 77 73 70 71 76 78 81 0 21 20 47 46 49 52 50 51 48 45 44 42 43 0 11 12 14 16 15 19 18 17 13 -1 -1 -1 -1 -1 -1 -1 -1 -1 -1 -1 -1 -1 -1 -1 -1 ] [ 877 -0 10 ] [ 0 0 0 ] # 0 # 0 - 
35) [ 41 40 59 60 58 56 53 54 55 57 0 24 31 35 37 38 39 36 30 28 22 0 10 23 26 27 29 34 33 32 25 0 1 99 100 97 93 92 94 95 96 98 0 90 87 86 83 82 84 85 88 89 91 0 67 65 62 72 61 64 68 66 69 0 5 7 3 4 8 9 6 2 75 0 63 74 80 79 77 73 70 71 76 78 81 0 21 20 47 46 49 52 50 51 48 45 44 42 43 0 11 12 14 16 15 19 18 17 13 -1 -1 -1 -1 -1 -1 -1 -1 -1 -1 -1 -1 -1 -1 -1 -1 ] [ 877 -0 10 ] [ 0 0 0 ] # 0 # 0 - 
36) [ 41 40 59 60 58 56 53 54 55 57 0 24 31 35 37 38 39 36 30 28 22 0 10 23 26 27 29 34 33 32 25 0 1 99 100 97 93 92 94 95 96 98 0 90 87 86 83 82 84 85 88 89 91 0 67 65 62 72 61 64 68 66 69 0 5 7 3 4 8 9 6 2 75 0 63 74 80 79 77 73 70 71 76 78 81 0 21 20 47 46 49 52 50 51 48 45 44 42 43 0 11 12 14 16 15 19 18 17 13 -1 -1 -1 -1 -1 -1 -1 -1 -1 -1 -1 -1 -1 -1 -1 -1 ] [ 877 -0 10 ] [ 0 0 0 ] # 0 # 0 - 
37) [ 41 40 59 60 58 56 53 54 55 57 0 24 31 35 37 38 39 36 30 28 22 0 10 23 26 27 29 34 33 32 25 0 1 99 100 97 93 92 94 95 96 98 0 90 87 86 83 82 84 85 88 89 91 0 67 65 62 72 61 64 68 66 69 0 5 7 3 4 8 9 6 2 75 0 63 74 80 79 77 73 70 71 76 78 81 0 21 20 47 46 49 52 50 51 48 45 44 42 43 0 11 12 14 16 15 19 18 17 13 -1 -1 -1 -1 -1 -1 -1 -1 -1 -1 -1 -1 -1 -1 -1 -1 ] [ 877 -0 10 ] [ 0 0 0 ] # 0 # 0 - 
38) [ 41 40 59 60 58 56 53 54 55 57 0 24 31 35 37 38 39 36 30 28 22 0 10 23 26 27 29 34 33 32 25 0 1 99 100 97 93 92 94 95 96 98 0 90 87 86 83 82 84 85 88 89 91 0 67 65 62 72 61 64 68 66 69 0 5 7 3 4 8 9 6 2 75 0 63 74 80 79 77 73 70 71 76 78 81 0 21 20 47 46 49 52 50 51 48 45 44 42 43 0 11 12 14 16 15 19 18 17 13 -1 -1 -1 -1 -1 -1 -1 -1 -1 -1 -1 -1 -1 -1 -1 -1 ] [ 877 -0 10 ] [ 0 0 0 ] # 0 # 0 - 
39) [ 41 40 59 60 58 56 53 54 55 57 0 24 31 35 37 38 39 36 30 28 22 0 10 23 26 27 29 34 33 32 25 0 1 99 100 97 93 92 94 95 96 98 0 90 87 86 83 82 84 85 88 89 91 0 67 65 62 72 61 64 68 66 69 0 5 7 3 4 8 9 6 2 75 0 63 74 80 79 77 73 70 71 76 78 81 0 21 20 47 46 49 52 50 51 48 45 44 42 43 0 11 12 14 16 15 19 18 17 13 -1 -1 -1 -1 -1 -1 -1 -1 -1 -1 -1 -1 -1 -1 -1 -1 ] [ 877 -0 10 ] [ 0 0 0 ] # 0 # 0 - 
40) [ 41 40 59 60 58 56 53 54 55 57 0 24 31 35 37 38 39 36 30 28 22 0 10 23 26 27 29 34 33 32 25 0 1 99 100 97 93 92 94 95 96 98 0 90 87 86 83 82 84 85 88 89 91 0 67 65 62 72 61 64 68 66 69 0 5 7 3 4 8 9 6 2 75 0 63 74 80 79 77 73 70 71 76 78 81 0 21 20 47 46 49 52 50 51 48 45 44 42 43 0 11 12 14 16 15 19 18 17 13 -1 -1 -1 -1 -1 -1 -1 -1 -1 -1 -1 -1 -1 -1 -1 -1 ] [ 877 -0 10 ] [ 0 0 0 ] # 0 # 0 - 
41) [ 41 40 59 60 58 56 53 54 55 57 0 24 31 35 37 38 39 36 30 28 22 0 10 23 26 27 29 34 33 32 25 0 1 99 100 97 93 92 94 95 96 98 0 90 87 86 83 82 84 85 88 89 91 0 67 65 62 72 61 64 68 66 69 0 5 7 3 4 8 9 6 2 75 0 63 74 80 79 77 73 70 71 76 78 81 0 21 20 47 46 49 52 50 51 48 45 44 42 43 0 11 12 14 16 15 19 18 17 13 -1 -1 -1 -1 -1 -1 -1 -1 -1 -1 -1 -1 -1 -1 -1 -1 ] [ 877 -0 10 ] [ 0 0 0 ] # 0 # 0 - 
42) [ 41 40 59 60 58 56 53 54 55 57 0 24 31 35 37 38 39 36 30 28 22 0 10 23 26 27 29 34 33 32 25 0 1 99 100 97 93 92 94 95 96 98 0 90 87 86 83 82 84 85 88 89 91 0 67 65 62 72 61 64 68 66 69 0 5 7 3 4 8 9 6 2 75 0 63 74 80 79 77 73 70 71 76 78 81 0 21 20 47 46 49 52 50 51 48 45 44 42 43 0 11 12 14 16 15 19 18 17 13 -1 -1 -1 -1 -1 -1 -1 -1 -1 -1 -1 -1 -1 -1 -1 -1 ] [ 877 -0 10 ] [ 0 0 0 ] # 0 # 0 - 
43) [ 41 40 59 60 58 56 53 54 55 57 0 24 31 35 37 38 39 36 30 28 22 0 10 23 26 27 29 34 33 32 25 0 1 99 100 97 93 92 94 95 96 98 0 90 87 86 83 82 84 85 88 89 91 0 67 65 62 72 61 64 68 66 69 0 5 7 3 4 8 9 6 2 75 0 63 74 80 79 77 73 70 71 76 78 81 0 21 20 47 46 49 52 50 51 48 45 44 42 43 0 11 12 14 16 15 19 18 17 13 -1 -1 -1 -1 -1 -1 -1 -1 -1 -1 -1 -1 -1 -1 -1 -1 ] [ 877 -0 10 ] [ 0 0 0 ] # 0 # 0 - 
44) [ 41 40 59 60 58 56 53 54 55 57 0 24 31 35 37 38 39 36 30 28 22 0 10 23 26 27 29 34 33 32 25 0 1 99 100 97 93 92 94 95 96 98 0 90 87 86 83 82 84 85 88 89 91 0 67 65 62 72 61 64 68 66 69 0 5 7 3 4 8 9 6 2 75 0 63 74 80 79 77 73 70 71 76 78 81 0 21 20 47 46 49 52 50 51 48 45 44 42 43 0 11 12 14 16 15 19 18 17 13 -1 -1 -1 -1 -1 -1 -1 -1 -1 -1 -1 -1 -1 -1 -1 -1 ] [ 877 -0 10 ] [ 0 0 0 ] # 0 # 0 - 
45) [ 41 40 59 60 58 56 53 54 55 57 0 24 31 35 37 38 39 36 30 28 22 0 10 23 26 27 29 34 33 32 25 0 1 99 100 97 93 92 94 95 96 98 0 90 87 86 83 82 84 85 88 89 91 0 67 65 62 72 61 64 68 66 69 0 5 7 3 4 8 9 6 2 75 0 63 74 80 79 77 73 70 71 76 78 81 0 21 20 47 46 49 52 50 51 48 45 44 42 43 0 11 12 14 16 15 19 18 17 13 -1 -1 -1 -1 -1 -1 -1 -1 -1 -1 -1 -1 -1 -1 -1 -1 ] [ 877 -0 10 ] [ 0 0 0 ] # 0 # 0 - 
46) [ 41 40 59 60 58 56 53 54 55 57 0 24 31 35 37 38 39 36 30 28 22 0 10 23 26 27 29 34 33 32 25 0 1 99 100 97 93 92 94 95 96 98 0 90 87 86 83 82 84 85 88 89 91 0 67 65 62 72 61 64 68 66 69 0 5 7 3 4 8 9 6 2 75 0 63 74 80 79 77 73 70 71 76 78 81 0 21 20 47 46 49 52 50 51 48 45 44 42 43 0 11 12 14 16 15 19 18 17 13 -1 -1 -1 -1 -1 -1 -1 -1 -1 -1 -1 -1 -1 -1 -1 -1 ] [ 877 -0 10 ] [ 0 0 0 ] # 0 # 0 - 
47) [ 41 40 59 60 58 56 53 54 55 57 0 24 31 35 37 38 39 36 30 28 22 0 10 23 26 27 29 34 33 32 25 0 1 99 100 97 93 92 94 95 96 98 0 90 87 86 83 82 84 85 88 89 91 0 67 65 62 72 61 64 68 66 69 0 5 7 3 4 8 9 6 2 75 0 63 74 80 79 77 73 70 71 76 78 81 0 21 20 47 46 49 52 50 51 48 45 44 42 43 0 11 12 14 16 15 19 18 17 13 -1 -1 -1 -1 -1 -1 -1 -1 -1 -1 -1 -1 -1 -1 -1 -1 ] [ 877 -0 10 ] [ 0 0 0 ] # 0 # 0 - 
48) [ 41 40 59 60 58 56 53 54 55 57 0 24 31 35 37 38 39 36 30 28 22 0 10 23 26 27 29 34 33 32 25 0 1 99 100 97 93 92 94 95 96 98 0 90 87 86 83 82 84 85 88 89 91 0 67 65 62 72 61 64 68 66 69 0 5 7 3 4 8 9 6 2 75 0 63 74 80 79 77 73 70 71 76 78 81 0 21 20 47 46 49 52 50 51 48 45 44 42 43 0 11 12 14 16 15 19 18 17 13 -1 -1 -1 -1 -1 -1 -1 -1 -1 -1 -1 -1 -1 -1 -1 -1 ] [ 877 -0 10 ] [ 0 0 0 ] # 0 # 0 - 
49) [ 41 40 59 60 58 56 53 54 55 57 0 24 31 35 37 38 39 36 30 28 22 0 10 23 26 27 29 34 33 32 25 0 1 99 100 97 93 92 94 95 96 98 0 90 87 86 83 82 84 85 88 89 91 0 67 65 62 72 61 64 68 66 69 0 5 7 3 4 8 9 6 2 75 0 63 74 80 79 77 73 70 71 76 78 81 0 21 20 47 46 49 52 50 51 48 45 44 42 43 0 11 12 14 16 15 19 18 17 13 -1 -1 -1 -1 -1 -1 -1 -1 -1 -1 -1 -1 -1 -1 -1 -1 ] [ 877 -0 10 ] [ 0 0 0 ] # 0 # 0 - 
50) [ 41 40 59 60 58 56 53 54 55 57 0 24 31 35 37 38 39 36 30 28 22 0 10 23 26 27 29 34 33 32 25 0 1 99 100 97 93 92 94 95 96 98 0 90 87 86 83 82 84 85 88 89 91 0 67 65 62 72 61 64 68 66 69 0 5 7 3 4 8 9 6 2 75 0 63 74 80 79 77 73 70 71 76 78 81 0 21 20 47 46 49 52 50 51 48 45 44 42 43 0 11 12 14 16 15 19 18 17 13 -1 -1 -1 -1 -1 -1 -1 -1 -1 -1 -1 -1 -1 -1 -1 -1 ] [ 877 -0 10 ] [ 0 0 0 ] # 0 # 0 - 
51) [ 41 40 59 60 58 56 53 54 55 57 0 24 31 35 37 38 39 36 30 28 22 0 10 23 26 27 29 34 33 32 25 0 1 99 100 97 93 92 94 95 96 98 0 90 87 86 83 82 84 85 88 89 91 0 67 65 62 72 61 64 68 66 69 0 5 7 3 4 8 9 6 2 75 0 63 74 80 79 77 73 70 71 76 78 81 0 21 20 47 46 49 52 50 51 48 45 44 42 43 0 11 12 14 16 15 19 18 17 13 -1 -1 -1 -1 -1 -1 -1 -1 -1 -1 -1 -1 -1 -1 -1 -1 ] [ 877 -0 10 ] [ 0 0 0 ] # 0 # 0 - 
52) [ 41 40 59 60 58 56 53 54 55 57 0 24 31 35 37 38 39 36 30 28 22 0 10 23 26 27 29 34 33 32 25 0 1 99 100 97 93 92 94 95 96 98 0 90 87 86 83 82 84 85 88 89 91 0 67 65 62 72 61 64 68 66 69 0 5 7 3 4 8 9 6 2 75 0 63 74 80 79 77 73 70 71 76 78 81 0 21 20 47 46 49 52 50 51 48 45 44 42 43 0 11 12 14 16 15 19 18 17 13 -1 -1 -1 -1 -1 -1 -1 -1 -1 -1 -1 -1 -1 -1 -1 -1 ] [ 877 -0 10 ] [ 0 0 0 ] # 0 # 0 - 
53) [ 41 40 59 60 58 56 53 54 55 57 0 24 31 35 37 38 39 36 30 28 22 0 10 23 26 27 29 34 33 32 25 0 1 99 100 97 93 92 94 95 96 98 0 90 87 86 83 82 84 85 88 89 91 0 67 65 62 72 61 64 68 66 69 0 5 7 3 4 8 9 6 2 75 0 63 74 80 79 77 73 70 71 76 78 81 0 21 20 47 46 49 52 50 51 48 45 44 42 43 0 11 12 14 16 15 19 18 17 13 -1 -1 -1 -1 -1 -1 -1 -1 -1 -1 -1 -1 -1 -1 -1 -1 ] [ 877 -0 10 ] [ 0 0 0 ] # 0 # 0 - 
54) [ 41 40 59 60 58 56 53 54 55 57 0 24 31 35 37 38 39 36 30 28 22 0 10 23 26 27 29 34 33 32 25 0 1 99 100 97 93 92 94 95 96 98 0 90 87 86 83 82 84 85 88 89 91 0 67 65 62 72 61 64 68 66 69 0 5 7 3 4 8 9 6 2 75 0 63 74 80 79 77 73 70 71 76 78 81 0 21 20 47 46 49 52 50 51 48 45 44 42 43 0 11 12 14 16 15 19 18 17 13 -1 -1 -1 -1 -1 -1 -1 -1 -1 -1 -1 -1 -1 -1 -1 -1 ] [ 877 -0 10 ] [ 0 0 0 ] # 0 # 0 - 
55) [ 41 40 59 60 58 56 53 54 55 57 0 24 31 35 37 38 39 36 30 28 22 0 10 23 26 27 29 34 33 32 25 0 1 99 100 97 93 92 94 95 96 98 0 90 87 86 83 82 84 85 88 89 91 0 67 65 62 72 61 64 68 66 69 0 5 7 3 4 8 9 6 2 75 0 63 74 80 79 77 73 70 71 76 78 81 0 21 20 47 46 49 52 50 51 48 45 44 42 43 0 11 12 14 16 15 19 18 17 13 -1 -1 -1 -1 -1 -1 -1 -1 -1 -1 -1 -1 -1 -1 -1 -1 ] [ 877 -0 10 ] [ 0 0 0 ] # 0 # 0 - 
56) [ 41 40 59 60 58 56 53 54 55 57 0 24 31 35 37 38 39 36 30 28 22 0 10 23 26 27 29 34 33 32 25 0 1 99 100 97 93 92 94 95 96 98 0 90 87 86 83 82 84 85 88 89 91 0 67 65 62 72 61 64 68 66 69 0 5 7 3 4 8 9 6 2 75 0 63 74 80 79 77 73 70 71 76 78 81 0 21 20 47 46 49 52 50 51 48 45 44 42 43 0 11 12 14 16 15 19 18 17 13 -1 -1 -1 -1 -1 -1 -1 -1 -1 -1 -1 -1 -1 -1 -1 -1 ] [ 877 -0 10 ] [ 0 0 0 ] # 0 # 0 - 
57) [ 41 40 59 60 58 56 53 54 55 57 0 24 31 35 37 38 39 36 30 28 22 0 10 23 26 27 29 34 33 32 25 0 1 99 100 97 93 92 94 95 96 98 0 90 87 86 83 82 84 85 88 89 91 0 67 65 62 72 61 64 68 66 69 0 5 7 3 4 8 9 6 2 75 0 63 74 80 79 77 73 70 71 76 78 81 0 21 20 47 46 49 52 50 51 48 45 44 42 43 0 11 12 14 16 15 19 18 17 13 -1 -1 -1 -1 -1 -1 -1 -1 -1 -1 -1 -1 -1 -1 -1 -1 ] [ 877 -0 10 ] [ 0 0 0 ] # 0 # 0 - 
58) [ 41 40 59 60 58 56 53 54 55 57 0 24 31 35 37 38 39 36 30 28 22 0 10 23 26 27 29 34 33 32 25 0 1 99 100 97 93 92 94 95 96 98 0 90 87 86 83 82 84 85 88 89 91 0 67 65 62 72 61 64 68 66 69 0 5 7 3 4 8 9 6 2 75 0 63 74 80 79 77 73 70 71 76 78 81 0 21 20 47 46 49 52 50 51 48 45 44 42 43 0 11 12 14 16 15 19 18 17 13 -1 -1 -1 -1 -1 -1 -1 -1 -1 -1 -1 -1 -1 -1 -1 -1 ] [ 877 -0 10 ] [ 0 0 0 ] # 0 # 0 - 
59) [ 41 40 59 60 58 56 53 54 55 57 0 24 31 35 37 38 39 36 30 28 22 0 10 23 26 27 29 34 33 32 25 0 1 99 100 97 93 92 94 95 96 98 0 90 87 86 83 82 84 85 88 89 91 0 67 65 62 72 61 64 68 66 69 0 5 7 3 4 8 9 6 2 75 0 63 74 80 79 77 73 70 71 76 78 81 0 21 20 47 46 49 52 50 51 48 45 44 42 43 0 11 12 14 16 15 19 18 17 13 -1 -1 -1 -1 -1 -1 -1 -1 -1 -1 -1 -1 -1 -1 -1 -1 ] [ 877 -0 10 ] [ 0 0 0 ] # 0 # 0 - 
60) [ 41 40 59 60 58 56 53 54 55 57 0 24 31 35 37 38 39 36 30 28 22 0 10 23 26 27 29 34 33 32 25 0 1 99 100 97 93 92 94 95 96 98 0 90 87 86 83 82 84 85 88 89 91 0 67 65 62 72 61 64 68 66 69 0 5 7 3 4 8 9 6 2 75 0 63 74 80 79 77 73 70 71 76 78 81 0 21 20 47 46 49 52 50 51 48 45 44 42 43 0 11 12 14 16 15 19 18 17 13 -1 -1 -1 -1 -1 -1 -1 -1 -1 -1 -1 -1 -1 -1 -1 -1 ] [ 877 -0 10 ] [ 0 0 0 ] # 0 # 0 - 
61) [ 41 40 59 60 58 56 53 54 55 57 0 24 31 35 37 38 39 36 30 28 22 0 10 23 26 27 29 34 33 32 25 0 1 99 100 97 93 92 94 95 96 98 0 90 87 86 83 82 84 85 88 89 91 0 67 65 62 72 61 64 68 66 69 0 5 7 3 4 8 9 6 2 75 0 63 74 80 79 77 73 70 71 76 78 81 0 21 20 47 46 49 52 50 51 48 45 44 42 43 0 11 12 14 16 15 19 18 17 13 -1 -1 -1 -1 -1 -1 -1 -1 -1 -1 -1 -1 -1 -1 -1 -1 ] [ 877 -0 10 ] [ 0 0 0 ] # 0 # 0 - 
62) [ 41 40 59 60 58 56 53 54 55 57 0 24 31 35 37 38 39 36 30 28 22 0 10 23 26 27 29 34 33 32 25 0 1 99 100 97 93 92 94 95 96 98 0 90 87 86 83 82 84 85 88 89 91 0 67 65 62 72 61 64 68 66 69 0 5 7 3 4 8 9 6 2 75 0 63 74 80 79 77 73 70 71 76 78 81 0 21 20 47 46 49 52 50 51 48 45 44 42 43 0 11 12 14 16 15 19 18 17 13 -1 -1 -1 -1 -1 -1 -1 -1 -1 -1 -1 -1 -1 -1 -1 -1 ] [ 877 -0 10 ] [ 0 0 0 ] # 0 # 0 - 
63) [ 41 40 59 60 58 56 53 54 55 57 0 24 31 35 37 38 39 36 30 28 22 0 10 23 26 27 29 34 33 32 25 0 1 99 100 97 93 92 94 95 96 98 0 90 87 86 83 82 84 85 88 89 91 0 67 65 62 72 61 64 68 66 69 0 5 7 3 4 8 9 6 2 75 0 63 74 80 79 77 73 70 71 76 78 81 0 21 20 47 46 49 52 50 51 48 45 44 42 43 0 11 12 14 16 15 19 18 17 13 -1 -1 -1 -1 -1 -1 -1 -1 -1 -1 -1 -1 -1 -1 -1 -1 ] [ 877 -0 10 ] [ 0 0 0 ] # 0 # 0 - 
64) [ 41 40 59 60 58 56 53 54 55 57 0 24 31 35 37 38 39 36 30 28 22 0 10 23 26 27 29 34 33 32 25 0 1 99 100 97 93 92 94 95 96 98 0 90 87 86 83 82 84 85 88 89 91 0 67 65 62 72 61 64 68 66 69 0 5 7 3 4 8 9 6 2 75 0 63 74 80 79 77 73 70 71 76 78 81 0 21 20 47 46 49 52 50 51 48 45 44 42 43 0 11 12 14 16 15 19 18 17 13 -1 -1 -1 -1 -1 -1 -1 -1 -1 -1 -1 -1 -1 -1 -1 -1 ] [ 877 -0 10 ] [ 0 0 0 ] # 0 # 0 - 
65) [ 41 40 59 60 58 56 53 54 55 57 0 24 31 35 37 38 39 36 30 28 22 0 10 23 26 27 29 34 33 32 25 0 1 99 100 97 93 92 94 95 96 98 0 90 87 86 83 82 84 85 88 89 91 0 67 65 62 72 61 64 68 66 69 0 5 7 3 4 8 9 6 2 75 0 63 74 80 79 77 73 70 71 76 78 81 0 21 20 47 46 49 52 50 51 48 45 44 42 43 0 11 12 14 16 15 19 18 17 13 -1 -1 -1 -1 -1 -1 -1 -1 -1 -1 -1 -1 -1 -1 -1 -1 ] [ 877 -0 10 ] [ 0 0 0 ] # 0 # 0 - 
66) [ 41 40 59 60 58 56 53 54 55 57 0 24 31 35 37 38 39 36 30 28 22 0 10 23 26 27 29 34 33 32 25 0 1 99 100 97 93 92 94 95 96 98 0 90 87 86 83 82 84 85 88 89 91 0 67 65 62 72 61 64 68 66 69 0 5 7 3 4 8 9 6 2 75 0 63 74 80 79 77 73 70 71 76 78 81 0 21 20 47 46 49 52 50 51 48 45 44 42 43 0 11 12 14 16 15 19 18 17 13 -1 -1 -1 -1 -1 -1 -1 -1 -1 -1 -1 -1 -1 -1 -1 -1 ] [ 877 -0 10 ] [ 0 0 0 ] # 0 # 0 - 
67) [ 41 40 59 60 58 56 53 54 55 57 0 24 31 35 37 38 39 36 30 28 22 0 10 23 26 27 29 34 33 32 25 0 1 99 100 97 93 92 94 95 96 98 0 90 87 86 83 82 84 85 88 89 91 0 67 65 62 72 61 64 68 66 69 0 5 7 3 4 8 9 6 2 75 0 63 74 80 79 77 73 70 71 76 78 81 0 21 20 47 46 49 52 50 51 48 45 44 42 43 0 11 12 14 16 15 19 18 17 13 -1 -1 -1 -1 -1 -1 -1 -1 -1 -1 -1 -1 -1 -1 -1 -1 ] [ 877 -0 10 ] [ 0 0 0 ] # 0 # 0 - 
68) [ 41 40 59 60 58 56 53 54 55 57 0 24 31 35 37 38 39 36 30 28 22 0 10 23 26 27 29 34 33 32 25 0 1 99 100 97 93 92 94 95 96 98 0 90 87 86 83 82 84 85 88 89 91 0 67 65 62 72 61 64 68 66 69 0 5 7 3 4 8 9 6 2 75 0 63 74 80 79 77 73 70 71 76 78 81 0 21 20 47 46 49 52 50 51 48 45 44 42 43 0 11 12 14 16 15 19 18 17 13 -1 -1 -1 -1 -1 -1 -1 -1 -1 -1 -1 -1 -1 -1 -1 -1 ] [ 877 -0 10 ] [ 0 0 0 ] # 0 # 0 - 
69) [ 41 40 59 60 58 56 53 54 55 57 0 24 31 35 37 38 39 36 30 28 22 0 10 23 26 27 29 34 33 32 25 0 1 99 100 97 93 92 94 95 96 98 0 90 87 86 83 82 84 85 88 89 91 0 67 65 62 72 61 64 68 66 69 0 5 7 3 4 8 9 6 2 75 0 63 74 80 79 77 73 70 71 76 78 81 0 21 20 47 46 49 52 50 51 48 45 44 42 43 0 11 12 14 16 15 19 18 17 13 -1 -1 -1 -1 -1 -1 -1 -1 -1 -1 -1 -1 -1 -1 -1 -1 ] [ 877 -0 10 ] [ 0 0 0 ] # 0 # 0 - 
70) [ 41 40 59 60 58 56 53 54 55 57 0 24 31 35 37 38 39 36 30 28 22 0 10 23 26 27 29 34 33 32 25 0 1 99 100 97 93 92 94 95 96 98 0 90 87 86 83 82 84 85 88 89 91 0 67 65 62 72 61 64 68 66 69 0 5 7 3 4 8 9 6 2 75 0 63 74 80 79 77 73 70 71 76 78 81 0 21 20 47 46 49 52 50 51 48 45 44 42 43 0 11 12 14 16 15 19 18 17 13 -1 -1 -1 -1 -1 -1 -1 -1 -1 -1 -1 -1 -1 -1 -1 -1 ] [ 877 -0 10 ] [ 0 0 0 ] # 0 # 0 - 
71) [ 41 40 59 60 58 56 53 54 55 57 0 24 31 35 37 38 39 36 30 28 22 0 10 23 26 27 29 34 33 32 25 0 1 99 100 97 93 92 94 95 96 98 0 90 87 86 83 82 84 85 88 89 91 0 67 65 62 72 61 64 68 66 69 0 5 7 3 4 8 9 6 2 75 0 63 74 80 79 77 73 70 71 76 78 81 0 21 20 47 46 49 52 50 51 48 45 44 42 43 0 11 12 14 16 15 19 18 17 13 -1 -1 -1 -1 -1 -1 -1 -1 -1 -1 -1 -1 -1 -1 -1 -1 ] [ 877 -0 10 ] [ 0 0 0 ] # 0 # 0 - 
72) [ 41 40 59 60 58 56 53 54 55 57 0 24 31 35 37 38 39 36 30 28 22 0 10 23 26 27 29 34 33 32 25 0 1 99 100 97 93 92 94 95 96 98 0 90 87 86 83 82 84 85 88 89 91 0 67 65 62 72 61 64 68 66 69 0 5 7 3 4 8 9 6 2 75 0 63 74 80 79 77 73 70 71 76 78 81 0 21 20 47 46 49 52 50 51 48 45 44 42 43 0 11 12 14 16 15 19 18 17 13 -1 -1 -1 -1 -1 -1 -1 -1 -1 -1 -1 -1 -1 -1 -1 -1 ] [ 877 -0 10 ] [ 0 0 0 ] # 0 # 0 - 
73) [ 41 40 59 60 58 56 53 54 55 57 0 24 31 35 37 38 39 36 30 28 22 0 10 23 26 27 29 34 33 32 25 0 1 99 100 97 93 92 94 95 96 98 0 90 87 86 83 82 84 85 88 89 91 0 67 65 62 72 61 64 68 66 69 0 5 7 3 4 8 9 6 2 75 0 63 74 80 79 77 73 70 71 76 78 81 0 21 20 47 46 49 52 50 51 48 45 44 42 43 0 11 12 14 16 15 19 18 17 13 -1 -1 -1 -1 -1 -1 -1 -1 -1 -1 -1 -1 -1 -1 -1 -1 ] [ 877 -0 10 ] [ 0 0 0 ] # 0 # 0 - 
74) [ 41 40 59 60 58 56 53 54 55 57 0 24 31 35 37 38 39 36 30 28 22 0 10 23 26 27 29 34 33 32 25 0 1 99 100 97 93 92 94 95 96 98 0 90 87 86 83 82 84 85 88 89 91 0 67 65 62 72 61 64 68 66 69 0 5 7 3 4 8 9 6 2 75 0 63 74 80 79 77 73 70 71 76 78 81 0 21 20 47 46 49 52 50 51 48 45 44 42 43 0 11 12 14 16 15 19 18 17 13 -1 -1 -1 -1 -1 -1 -1 -1 -1 -1 -1 -1 -1 -1 -1 -1 ] [ 877 -0 10 ] [ 0 0 0 ] # 0 # 0 - 
75) [ 41 40 59 60 58 56 53 54 55 57 0 24 31 35 37 38 39 36 30 28 22 0 10 23 26 27 29 34 33 32 25 0 1 99 100 97 93 92 94 95 96 98 0 90 87 86 83 82 84 85 88 89 91 0 67 65 62 72 61 64 68 66 69 0 5 7 3 4 8 9 6 2 75 0 63 74 80 79 77 73 70 71 76 78 81 0 21 20 47 46 49 52 50 51 48 45 44 42 43 0 11 12 14 16 15 19 18 17 13 -1 -1 -1 -1 -1 -1 -1 -1 -1 -1 -1 -1 -1 -1 -1 -1 ] [ 877 -0 10 ] [ 0 0 0 ] # 0 # 0 - 
76) [ 41 40 59 60 58 56 53 54 55 57 0 24 31 35 37 38 39 36 30 28 22 0 10 23 26 27 29 34 33 32 25 0 1 99 100 97 93 92 94 95 96 98 0 90 87 86 83 82 84 85 88 89 91 0 67 65 62 72 61 64 68 66 69 0 5 7 3 4 8 9 6 2 75 0 63 74 80 79 77 73 70 71 76 78 81 0 21 20 47 46 49 52 50 51 48 45 44 42 43 0 11 12 14 16 15 19 18 17 13 -1 -1 -1 -1 -1 -1 -1 -1 -1 -1 -1 -1 -1 -1 -1 -1 ] [ 877 -0 10 ] [ 0 0 0 ] # 0 # 0 - 
77) [ 41 40 59 60 58 56 53 54 55 57 0 24 31 35 37 38 39 36 30 28 22 0 10 23 26 27 29 34 33 32 25 0 1 99 100 97 93 92 94 95 96 98 0 90 87 86 83 82 84 85 88 89 91 0 67 65 62 72 61 64 68 66 69 0 5 7 3 4 8 9 6 2 75 0 63 74 80 79 77 73 70 71 76 78 81 0 21 20 47 46 49 52 50 51 48 45 44 42 43 0 11 12 14 16 15 19 18 17 13 -1 -1 -1 -1 -1 -1 -1 -1 -1 -1 -1 -1 -1 -1 -1 -1 ] [ 877 -0 10 ] [ 0 0 0 ] # 0 # 0 - 
78) [ 41 40 59 60 58 56 53 54 55 57 0 24 31 35 37 38 39 36 30 28 22 0 10 23 26 27 29 34 33 32 25 0 1 99 100 97 93 92 94 95 96 98 0 90 87 86 83 82 84 85 88 89 91 0 67 65 62 72 61 64 68 66 69 0 5 7 3 4 8 9 6 2 75 0 63 74 80 79 77 73 70 71 76 78 81 0 21 20 47 46 49 52 50 51 48 45 44 42 43 0 11 12 14 16 15 19 18 17 13 -1 -1 -1 -1 -1 -1 -1 -1 -1 -1 -1 -1 -1 -1 -1 -1 ] [ 877 -0 10 ] [ 0 0 0 ] # 0 # 0 - 
79) [ 41 40 59 60 58 56 53 54 55 57 0 24 31 35 37 38 39 36 30 28 22 0 10 23 26 27 29 34 33 32 25 0 1 99 100 97 93 92 94 95 96 98 0 90 87 86 83 82 84 85 88 89 91 0 67 65 62 72 61 64 68 66 69 0 5 7 3 4 8 9 6 2 75 0 63 74 80 79 77 73 70 71 76 78 81 0 21 20 47 46 49 52 50 51 48 45 44 42 43 0 11 12 14 16 15 19 18 17 13 -1 -1 -1 -1 -1 -1 -1 -1 -1 -1 -1 -1 -1 -1 -1 -1 ] [ 877 -0 10 ] [ 0 0 0 ] # 0 # 0 - 
80) [ 41 40 59 60 58 56 53 54 55 57 0 24 31 35 37 38 39 36 30 28 22 0 10 23 26 27 29 34 33 32 25 0 1 99 100 97 93 92 94 95 96 98 0 90 87 86 83 82 84 85 88 89 91 0 67 65 62 72 61 64 68 66 69 0 5 7 3 4 8 9 6 2 75 0 63 74 80 79 77 73 70 71 76 78 81 0 21 20 47 46 49 52 50 51 48 45 44 42 43 0 11 12 14 16 15 19 18 17 13 -1 -1 -1 -1 -1 -1 -1 -1 -1 -1 -1 -1 -1 -1 -1 -1 ] [ 877 -0 10 ] [ 0 0 0 ] # 0 # 0 - 
81) [ 41 40 59 60 58 56 53 54 55 57 0 24 31 35 37 38 39 36 30 28 22 0 10 23 26 27 29 34 33 32 25 0 1 99 100 97 93 92 94 95 96 98 0 90 87 86 83 82 84 85 88 89 91 0 67 65 62 72 61 64 68 66 69 0 5 7 3 4 8 9 6 2 75 0 63 74 80 79 77 73 70 71 76 78 81 0 21 20 47 46 49 52 50 51 48 45 44 42 43 0 11 12 14 16 15 19 18 17 13 -1 -1 -1 -1 -1 -1 -1 -1 -1 -1 -1 -1 -1 -1 -1 -1 ] [ 877 -0 10 ] [ 0 0 0 ] # 0 # 0 - 
82) [ 41 40 59 60 58 56 53 54 55 57 0 24 31 35 37 38 39 36 30 28 22 0 10 23 26 27 29 34 33 32 25 0 1 99 100 97 93 92 94 95 96 98 0 90 87 86 83 82 84 85 88 89 91 0 67 65 62 72 61 64 68 66 69 0 5 7 3 4 8 9 6 2 75 0 63 74 80 79 77 73 70 71 76 78 81 0 21 20 47 46 49 52 50 51 48 45 44 42 43 0 11 12 14 16 15 19 18 17 13 -1 -1 -1 -1 -1 -1 -1 -1 -1 -1 -1 -1 -1 -1 -1 -1 ] [ 877 -0 10 ] [ 0 0 0 ] # 0 # 0 - 
83) [ 41 40 59 60 58 56 53 54 55 57 0 24 31 35 37 38 39 36 30 28 22 0 10 23 26 27 29 34 33 32 25 0 1 99 100 97 93 92 94 95 96 98 0 90 87 86 83 82 84 85 88 89 91 0 67 65 62 72 61 64 68 66 69 0 5 7 3 4 8 9 6 2 75 0 63 74 80 79 77 73 70 71 76 78 81 0 21 20 47 46 49 52 50 51 48 45 44 42 43 0 11 12 14 16 15 19 18 17 13 -1 -1 -1 -1 -1 -1 -1 -1 -1 -1 -1 -1 -1 -1 -1 -1 ] [ 877 -0 10 ] [ 0 0 0 ] # 0 # 0 - 
84) [ 41 40 59 60 58 56 53 54 55 57 0 24 31 35 37 38 39 36 30 28 22 0 10 23 26 27 29 34 33 32 25 0 1 99 100 97 93 92 94 95 96 98 0 90 87 86 83 82 84 85 88 89 91 0 67 65 62 72 61 64 68 66 69 0 5 7 3 4 8 9 6 2 75 0 63 74 80 79 77 73 70 71 76 78 81 0 21 20 47 46 49 52 50 51 48 45 44 42 43 0 11 12 14 16 15 19 18 17 13 -1 -1 -1 -1 -1 -1 -1 -1 -1 -1 -1 -1 -1 -1 -1 -1 ] [ 877 -0 10 ] [ 0 0 0 ] # 0 # 0 - 
85) [ 41 40 59 60 58 56 53 54 55 57 0 24 31 35 37 38 39 36 30 28 22 0 10 23 26 27 29 34 33 32 25 0 1 99 100 97 93 92 94 95 96 98 0 90 87 86 83 82 84 85 88 89 91 0 67 65 62 72 61 64 68 66 69 0 5 7 3 4 8 9 6 2 75 0 63 74 80 79 77 73 70 71 76 78 81 0 21 20 47 46 49 52 50 51 48 45 44 42 43 0 11 12 14 16 15 19 18 17 13 -1 -1 -1 -1 -1 -1 -1 -1 -1 -1 -1 -1 -1 -1 -1 -1 ] [ 877 -0 10 ] [ 0 0 0 ] # 0 # 0 - 
86) [ 41 40 59 60 58 56 53 54 55 57 0 24 31 35 37 38 39 36 30 28 22 0 10 23 26 27 29 34 33 32 25 0 1 99 100 97 93 92 94 95 96 98 0 90 87 86 83 82 84 85 88 89 91 0 67 65 62 72 61 64 68 66 69 0 5 7 3 4 8 9 6 2 75 0 63 74 80 79 77 73 70 71 76 78 81 0 21 20 47 46 49 52 50 51 48 45 44 42 43 0 11 12 14 16 15 19 18 17 13 -1 -1 -1 -1 -1 -1 -1 -1 -1 -1 -1 -1 -1 -1 -1 -1 ] [ 877 -0 10 ] [ 0 0 0 ] # 0 # 0 - 
87) [ 41 40 59 60 58 56 53 54 55 57 0 24 31 35 37 38 39 36 30 28 22 0 10 23 26 27 29 34 33 32 25 0 1 99 100 97 93 92 94 95 96 98 0 90 87 86 83 82 84 85 88 89 91 0 67 65 62 72 61 64 68 66 69 0 5 7 3 4 8 9 6 2 75 0 63 74 80 79 77 73 70 71 76 78 81 0 21 20 47 46 49 52 50 51 48 45 44 42 43 0 11 12 14 16 15 19 18 17 13 -1 -1 -1 -1 -1 -1 -1 -1 -1 -1 -1 -1 -1 -1 -1 -1 ] [ 877 -0 10 ] [ 0 0 0 ] # 0 # 0 - 
88) [ 41 40 59 60 58 56 53 54 55 57 0 24 31 35 37 38 39 36 30 28 22 0 10 23 26 27 29 34 33 32 25 0 1 99 100 97 93 92 94 95 96 98 0 90 87 86 83 82 84 85 88 89 91 0 67 65 62 72 61 64 68 66 69 0 5 7 3 4 8 9 6 2 75 0 63 74 80 79 77 73 70 71 76 78 81 0 21 20 47 46 49 52 50 51 48 45 44 42 43 0 11 12 14 16 15 19 18 17 13 -1 -1 -1 -1 -1 -1 -1 -1 -1 -1 -1 -1 -1 -1 -1 -1 ] [ 877 -0 10 ] [ 0 0 0 ] # 0 # 0 - 
89) [ 41 40 59 60 58 56 53 54 55 57 0 24 31 35 37 38 39 36 30 28 22 0 10 23 26 27 29 34 33 32 25 0 1 99 100 97 93 92 94 95 96 98 0 90 87 86 83 82 84 85 88 89 91 0 67 65 62 72 61 64 68 66 69 0 5 7 3 4 8 9 6 2 75 0 63 74 80 79 77 73 70 71 76 78 81 0 21 20 47 46 49 52 50 51 48 45 44 42 43 0 11 12 14 16 15 19 18 17 13 -1 -1 -1 -1 -1 -1 -1 -1 -1 -1 -1 -1 -1 -1 -1 -1 ] [ 877 -0 10 ] [ 0 0 0 ] # 0 # 0 - 
90) [ 41 40 59 60 58 56 53 54 55 57 0 24 31 35 37 38 39 36 30 28 22 0 10 23 26 27 29 34 33 32 25 0 1 99 100 97 93 92 94 95 96 98 0 90 87 86 83 82 84 85 88 89 91 0 67 65 62 72 61 64 68 66 69 0 5 7 3 4 8 9 6 2 75 0 63 74 80 79 77 73 70 71 76 78 81 0 21 20 47 46 49 52 50 51 48 45 44 42 43 0 11 12 14 16 15 19 18 17 13 -1 -1 -1 -1 -1 -1 -1 -1 -1 -1 -1 -1 -1 -1 -1 -1 ] [ 877 -0 10 ] [ 0 0 0 ] # 0 # 0 - 
91) [ 41 40 59 60 58 56 53 54 55 57 0 24 31 35 37 38 39 36 30 28 22 0 10 23 26 27 29 34 33 32 25 0 1 99 100 97 93 92 94 95 96 98 0 90 87 86 83 82 84 85 88 89 91 0 67 65 62 72 61 64 68 66 69 0 5 7 3 4 8 9 6 2 75 0 63 74 80 79 77 73 70 71 76 78 81 0 21 20 47 46 49 52 50 51 48 45 44 42 43 0 11 12 14 16 15 19 18 17 13 -1 -1 -1 -1 -1 -1 -1 -1 -1 -1 -1 -1 -1 -1 -1 -1 ] [ 877 -0 10 ] [ 0 0 0 ] # 0 # 0 - 
92) [ 41 40 59 60 58 56 53 54 55 57 0 24 31 35 37 38 39 36 30 28 22 0 10 23 26 27 29 34 33 32 25 0 1 99 100 97 93 92 94 95 96 98 0 90 87 86 83 82 84 85 88 89 91 0 67 65 62 72 61 64 68 66 69 0 5 7 3 4 8 9 6 2 75 0 63 74 80 79 77 73 70 71 76 78 81 0 21 20 47 46 49 52 50 51 48 45 44 42 43 0 11 12 14 16 15 19 18 17 13 -1 -1 -1 -1 -1 -1 -1 -1 -1 -1 -1 -1 -1 -1 -1 -1 ] [ 877 -0 10 ] [ 0 0 0 ] # 0 # 0 - 
93) [ 41 40 59 60 58 56 53 54 55 57 0 24 31 35 37 38 39 36 30 28 22 0 10 23 26 27 29 34 33 32 25 0 1 99 100 97 93 92 94 95 96 98 0 90 87 86 83 82 84 85 88 89 91 0 67 65 62 72 61 64 68 66 69 0 5 7 3 4 8 9 6 2 75 0 63 74 80 79 77 73 70 71 76 78 81 0 21 20 47 46 49 52 50 51 48 45 44 42 43 0 11 12 14 16 15 19 18 17 13 -1 -1 -1 -1 -1 -1 -1 -1 -1 -1 -1 -1 -1 -1 -1 -1 ] [ 877 -0 10 ] [ 0 0 0 ] # 0 # 0 - 
94) [ 41 40 59 60 58 56 53 54 55 57 0 24 31 35 37 38 39 36 30 28 22 0 10 23 26 27 29 34 33 32 25 0 1 99 100 97 93 92 94 95 96 98 0 90 87 86 83 82 84 85 88 89 91 0 67 65 62 72 61 64 68 66 69 0 5 7 3 4 8 9 6 2 75 0 63 74 80 79 77 73 70 71 76 78 81 0 21 20 47 46 49 52 50 51 48 45 44 42 43 0 11 12 14 16 15 19 18 17 13 -1 -1 -1 -1 -1 -1 -1 -1 -1 -1 -1 -1 -1 -1 -1 -1 ] [ 877 -0 10 ] [ 0 0 0 ] # 0 # 0 - 
95) [ 41 40 59 60 58 56 53 54 55 57 0 24 31 35 37 38 39 36 30 28 22 0 10 23 26 27 29 34 33 32 25 0 1 99 100 97 93 92 94 95 96 98 0 90 87 86 83 82 84 85 88 89 91 0 67 65 62 72 61 64 68 66 69 0 5 7 3 4 8 9 6 2 75 0 63 74 80 79 77 73 70 71 76 78 81 0 21 20 47 46 49 52 50 51 48 45 44 42 43 0 11 12 14 16 15 19 18 17 13 -1 -1 -1 -1 -1 -1 -1 -1 -1 -1 -1 -1 -1 -1 -1 -1 ] [ 877 -0 10 ] [ 0 0 0 ] # 0 # 0 - 
96) [ 41 40 59 60 58 56 53 54 55 57 0 24 31 35 37 38 39 36 30 28 22 0 10 23 26 27 29 34 33 32 25 0 1 99 100 97 93 92 94 95 96 98 0 90 87 86 83 82 84 85 88 89 91 0 67 65 62 72 61 64 68 66 69 0 5 7 3 4 8 9 6 2 75 0 63 74 80 79 77 73 70 71 76 78 81 0 21 20 47 46 49 52 50 51 48 45 44 42 43 0 11 12 14 16 15 19 18 17 13 -1 -1 -1 -1 -1 -1 -1 -1 -1 -1 -1 -1 -1 -1 -1 -1 ] [ 877 -0 10 ] [ 0 0 0 ] # 0 # 0 - 
97) [ 41 40 59 60 58 56 53 54 55 57 0 24 31 35 37 38 39 36 30 28 22 0 10 23 26 27 29 34 33 32 25 0 1 99 100 97 93 92 94 95 96 98 0 90 87 86 83 82 84 85 88 89 91 0 67 65 62 72 61 64 68 66 69 0 5 7 3 4 8 9 6 2 75 0 63 74 80 79 77 73 70 71 76 78 81 0 21 20 47 46 49 52 50 51 48 45 44 42 43 0 11 12 14 16 15 19 18 17 13 -1 -1 -1 -1 -1 -1 -1 -1 -1 -1 -1 -1 -1 -1 -1 -1 ] [ 877 -0 10 ] [ 0 0 0 ] # 0 # 0 - 
98) [ 41 40 59 60 58 56 53 54 55 57 0 24 31 35 37 38 39 36 30 28 22 0 10 23 26 27 29 34 33 32 25 0 1 99 100 97 93 92 94 95 96 98 0 90 87 86 83 82 84 85 88 89 91 0 67 65 62 72 61 64 68 66 69 0 5 7 3 4 8 9 6 2 75 0 63 74 80 79 77 73 70 71 76 78 81 0 21 20 47 46 49 52 50 51 48 45 44 42 43 0 11 12 14 16 15 19 18 17 13 -1 -1 -1 -1 -1 -1 -1 -1 -1 -1 -1 -1 -1 -1 -1 -1 ] [ 877 -0 10 ] [ 0 0 0 ] # 0 # 0 - 
99) [ 41 40 59 60 58 56 53 54 55 57 0 24 31 35 37 38 39 36 30 28 22 0 10 23 26 27 29 34 33 32 25 0 1 99 100 97 93 92 94 95 96 98 0 90 87 86 83 82 84 85 88 89 91 0 67 65 62 72 61 64 68 66 69 0 5 7 3 4 8 9 6 2 75 0 63 74 80 79 77 73 70 71 76 78 81 0 21 20 47 46 49 52 50 51 48 45 44 42 43 0 11 12 14 16 15 19 18 17 13 -1 -1 -1 -1 -1 -1 -1 -1 -1 -1 -1 -1 -1 -1 -1 -1 ] [ 877 -0 10 ] [ 0 0 0 ] # 0 # 0 - 
100) [ 41 40 59 60 58 56 53 54 55 57 0 24 31 35 37 38 39 36 30 28 22 0 10 23 26 27 29 34 33 32 25 0 1 99 100 97 93 92 94 95 96 98 0 90 87 86 83 82 84 85 88 89 91 0 67 65 62 72 61 64 68 66 69 0 5 7 3 4 8 9 6 2 75 0 63 74 80 79 77 73 70 71 76 78 81 0 21 20 47 46 49 52 50 51 48 45 44 42 43 0 11 12 14 16 15 19 18 17 13 -1 -1 -1 -1 -1 -1 -1 -1 -1 -1 -1 -1 -1 -1 -1 -1 ] [ 877 -0 10 ] [ 0 0 0 ] # 0 # 0 - 
101) [ 41 40 59 60 58 56 53 54 55 57 0 24 31 35 37 38 39 36 30 28 22 0 10 23 26 27 29 34 33 32 25 0 1 99 100 97 93 92 94 95 96 98 0 90 87 86 83 82 84 85 88 89 91 0 67 65 62 72 61 64 68 66 69 0 5 7 3 4 8 9 6 2 75 0 63 74 80 79 77 73 70 71 76 78 81 0 21 20 47 46 49 52 50 51 48 45 44 42 43 0 11 12 14 16 15 19 18 17 13 -1 -1 -1 -1 -1 -1 -1 -1 -1 -1 -1 -1 -1 -1 -1 -1 ] [ 877 -0 10 ] [ 0 0 0 ] # 0 # 0 - 
102) [ 41 40 59 60 58 56 53 54 55 57 0 24 31 35 37 38 39 36 30 28 22 0 10 23 26 27 29 34 33 32 25 0 1 99 100 97 93 92 94 95 96 98 0 90 87 86 83 82 84 85 88 89 91 0 67 65 62 72 61 64 68 66 69 0 5 7 3 4 8 9 6 2 75 0 63 74 80 79 77 73 70 71 76 78 81 0 21 20 47 46 49 52 50 51 48 45 44 42 43 0 11 12 14 16 15 19 18 17 13 -1 -1 -1 -1 -1 -1 -1 -1 -1 -1 -1 -1 -1 -1 -1 -1 ] [ 877 -0 10 ] [ 0 0 0 ] # 0 # 0 - 
103) [ 41 40 59 60 58 56 53 54 55 57 0 24 31 35 37 38 39 36 30 28 22 0 10 23 26 27 29 34 33 32 25 0 1 99 100 97 93 92 94 95 96 98 0 90 87 86 83 82 84 85 88 89 91 0 67 65 62 72 61 64 68 66 69 0 5 7 3 4 8 9 6 2 75 0 63 74 80 79 77 73 70 71 76 78 81 0 21 20 47 46 49 52 50 51 48 45 44 42 43 0 11 12 14 16 15 19 18 17 13 -1 -1 -1 -1 -1 -1 -1 -1 -1 -1 -1 -1 -1 -1 -1 -1 ] [ 877 -0 10 ] [ 0 0 0 ] # 0 # 0 - 
104) [ 41 40 59 60 58 56 53 54 55 57 0 24 31 35 37 38 39 36 30 28 22 0 10 23 26 27 29 34 33 32 25 0 1 99 100 97 93 92 94 95 96 98 0 90 87 86 83 82 84 85 88 89 91 0 67 65 62 72 61 64 68 66 69 0 5 7 3 4 8 9 6 2 75 0 63 74 80 79 77 73 70 71 76 78 81 0 21 20 47 46 49 52 50 51 48 45 44 42 43 0 11 12 14 16 15 19 18 17 13 -1 -1 -1 -1 -1 -1 -1 -1 -1 -1 -1 -1 -1 -1 -1 -1 ] [ 877 -0 10 ] [ 0 0 0 ] # 0 # 0 - 
105) [ 41 40 59 60 58 56 53 54 55 57 0 24 31 35 37 38 39 36 30 28 22 0 10 23 26 27 29 34 33 32 25 0 1 99 100 97 93 92 94 95 96 98 0 90 87 86 83 82 84 85 88 89 91 0 67 65 62 72 61 64 68 66 69 0 5 7 3 4 8 9 6 2 75 0 63 74 80 79 77 73 70 71 76 78 81 0 21 20 47 46 49 52 50 51 48 45 44 42 43 0 11 12 14 16 15 19 18 17 13 -1 -1 -1 -1 -1 -1 -1 -1 -1 -1 -1 -1 -1 -1 -1 -1 ] [ 877 -0 10 ] [ 0 0 0 ] # 0 # 0 - 
106) [ 41 40 59 60 58 56 53 54 55 57 0 24 31 35 37 38 39 36 30 28 22 0 10 23 26 27 29 34 33 32 25 0 1 99 100 97 93 92 94 95 96 98 0 90 87 86 83 82 84 85 88 89 91 0 67 65 62 72 61 64 68 66 69 0 5 7 3 4 8 9 6 2 75 0 63 74 80 79 77 73 70 71 76 78 81 0 21 20 47 46 49 52 50 51 48 45 44 42 43 0 11 12 14 16 15 19 18 17 13 -1 -1 -1 -1 -1 -1 -1 -1 -1 -1 -1 -1 -1 -1 -1 -1 ] [ 877 -0 10 ] [ 0 0 0 ] # 0 # 0 - 
107) [ 41 40 59 60 58 56 53 54 55 57 0 24 31 35 37 38 39 36 30 28 22 0 10 23 26 27 29 34 33 32 25 0 1 99 100 97 93 92 94 95 96 98 0 90 87 86 83 82 84 85 88 89 91 0 67 65 62 72 61 64 68 66 69 0 5 7 3 4 8 9 6 2 75 0 63 74 80 79 77 73 70 71 76 78 81 0 21 20 47 46 49 52 50 51 48 45 44 42 43 0 11 12 14 16 15 19 18 17 13 -1 -1 -1 -1 -1 -1 -1 -1 -1 -1 -1 -1 -1 -1 -1 -1 ] [ 877 -0 10 ] [ 0 0 0 ] # 0 # 0 - 
108) [ 41 40 59 60 58 56 53 54 55 57 0 24 31 35 37 38 39 36 30 28 22 0 10 23 26 27 29 34 33 32 25 0 1 99 100 97 93 92 94 95 96 98 0 90 87 86 83 82 84 85 88 89 91 0 67 65 62 72 61 64 68 66 69 0 5 7 3 4 8 9 6 2 75 0 63 74 80 79 77 73 70 71 76 78 81 0 21 20 47 46 49 52 50 51 48 45 44 42 43 0 11 12 14 16 15 19 18 17 13 -1 -1 -1 -1 -1 -1 -1 -1 -1 -1 -1 -1 -1 -1 -1 -1 ] [ 877 -0 10 ] [ 0 0 0 ] # 0 # 0 - 
109) [ 41 40 59 60 58 56 53 54 55 57 0 24 31 35 37 38 39 36 30 28 22 0 10 23 26 27 29 34 33 32 25 0 1 99 100 97 93 92 94 95 96 98 0 90 87 86 83 82 84 85 88 89 91 0 67 65 62 72 61 64 68 66 69 0 5 7 3 4 8 9 6 2 75 0 63 74 80 79 77 73 70 71 76 78 81 0 21 20 47 46 49 52 50 51 48 45 44 42 43 0 11 12 14 16 15 19 18 17 13 -1 -1 -1 -1 -1 -1 -1 -1 -1 -1 -1 -1 -1 -1 -1 -1 ] [ 877 -0 10 ] [ 0 0 0 ] # 0 # 0 - 
110) [ 41 40 59 60 58 56 53 54 55 57 0 24 31 35 37 38 39 36 30 28 22 0 10 23 26 27 29 34 33 32 25 0 1 99 100 97 93 92 94 95 96 98 0 90 87 86 83 82 84 85 88 89 91 0 67 65 62 72 61 64 68 66 69 0 5 7 3 4 8 9 6 2 75 0 63 74 80 79 77 73 70 71 76 78 81 0 21 20 47 46 49 52 50 51 48 45 44 42 43 0 11 12 14 16 15 19 18 17 13 -1 -1 -1 -1 -1 -1 -1 -1 -1 -1 -1 -1 -1 -1 -1 -1 ] [ 877 -0 10 ] [ 0 0 0 ] # 0 # 0 - 
111) [ 41 40 59 60 58 56 53 54 55 57 0 24 31 35 37 38 39 36 30 28 22 0 10 23 26 27 29 34 33 32 25 0 1 99 100 97 93 92 94 95 96 98 0 90 87 86 83 82 84 85 88 89 91 0 67 65 62 72 61 64 68 66 69 0 5 7 3 4 8 9 6 2 75 0 63 74 80 79 77 73 70 71 76 78 81 0 21 20 47 46 49 52 50 51 48 45 44 42 43 0 11 12 14 16 15 19 18 17 13 -1 -1 -1 -1 -1 -1 -1 -1 -1 -1 -1 -1 -1 -1 -1 -1 ] [ 877 -0 10 ] [ 0 0 0 ] # 0 # 0 - 
112) [ 41 40 59 60 58 56 53 54 55 57 0 24 31 35 37 38 39 36 30 28 22 0 10 23 26 27 29 34 33 32 25 0 1 99 100 97 93 92 94 95 96 98 0 90 87 86 83 82 84 85 88 89 91 0 67 65 62 72 61 64 68 66 69 0 5 7 3 4 8 9 6 2 75 0 63 74 80 79 77 73 70 71 76 78 81 0 21 20 47 46 49 52 50 51 48 45 44 42 43 0 11 12 14 16 15 19 18 17 13 -1 -1 -1 -1 -1 -1 -1 -1 -1 -1 -1 -1 -1 -1 -1 -1 ] [ 877 -0 10 ] [ 0 0 0 ] # 0 # 0 - 
113) [ 41 40 59 60 58 56 53 54 55 57 0 24 31 35 37 38 39 36 30 28 22 0 10 23 26 27 29 34 33 32 25 0 1 99 100 97 93 92 94 95 96 98 0 90 87 86 83 82 84 85 88 89 91 0 67 65 62 72 61 64 68 66 69 0 5 7 3 4 8 9 6 2 75 0 63 74 80 79 77 73 70 71 76 78 81 0 21 20 47 46 49 52 50 51 48 45 44 42 43 0 11 12 14 16 15 19 18 17 13 -1 -1 -1 -1 -1 -1 -1 -1 -1 -1 -1 -1 -1 -1 -1 -1 ] [ 877 -0 10 ] [ 0 0 0 ] # 0 # 0 - 
114) [ 41 40 59 60 58 56 53 54 55 57 0 24 31 35 37 38 39 36 30 28 22 0 10 23 26 27 29 34 33 32 25 0 1 99 100 97 93 92 94 95 96 98 0 90 87 86 83 82 84 85 88 89 91 0 67 65 62 72 61 64 68 66 69 0 5 7 3 4 8 9 6 2 75 0 63 74 80 79 77 73 70 71 76 78 81 0 21 20 47 46 49 52 50 51 48 45 44 42 43 0 11 12 14 16 15 19 18 17 13 -1 -1 -1 -1 -1 -1 -1 -1 -1 -1 -1 -1 -1 -1 -1 -1 ] [ 877 -0 10 ] [ 0 0 0 ] # 0 # 0 - 
115) [ 41 40 59 60 58 56 53 54 55 57 0 24 31 35 37 38 39 36 30 28 22 0 10 23 26 27 29 34 33 32 25 0 1 99 100 97 93 92 94 95 96 98 0 90 87 86 83 82 84 85 88 89 91 0 67 65 62 72 61 64 68 66 69 0 5 7 3 4 8 9 6 2 75 0 63 74 80 79 77 73 70 71 76 78 81 0 21 20 47 46 49 52 50 51 48 45 44 42 43 0 11 12 14 16 15 19 18 17 13 -1 -1 -1 -1 -1 -1 -1 -1 -1 -1 -1 -1 -1 -1 -1 -1 ] [ 877 -0 10 ] [ 0 0 0 ] # 0 # 0 - 
116) [ 41 40 59 60 58 56 53 54 55 57 0 24 31 35 37 38 39 36 30 28 22 0 10 23 26 27 29 34 33 32 25 0 1 99 100 97 93 92 94 95 96 98 0 90 87 86 83 82 84 85 88 89 91 0 67 65 62 72 61 64 68 66 69 0 5 7 3 4 8 9 6 2 75 0 63 74 80 79 77 73 70 71 76 78 81 0 21 20 47 46 49 52 50 51 48 45 44 42 43 0 11 12 14 16 15 19 18 17 13 -1 -1 -1 -1 -1 -1 -1 -1 -1 -1 -1 -1 -1 -1 -1 -1 ] [ 877 -0 10 ] [ 0 0 0 ] # 0 # 0 - 
117) [ 41 40 59 60 58 56 53 54 55 57 0 24 31 35 37 38 39 36 30 28 22 0 10 23 26 27 29 34 33 32 25 0 1 99 100 97 93 92 94 95 96 98 0 90 87 86 83 82 84 85 88 89 91 0 67 65 62 72 61 64 68 66 69 0 5 7 3 4 8 9 6 2 75 0 63 74 80 79 77 73 70 71 76 78 81 0 21 20 47 46 49 52 50 51 48 45 44 42 43 0 11 12 14 16 15 19 18 17 13 -1 -1 -1 -1 -1 -1 -1 -1 -1 -1 -1 -1 -1 -1 -1 -1 ] [ 877 -0 10 ] [ 0 0 0 ] # 0 # 0 - 
118) [ 41 40 59 60 58 56 53 54 55 57 0 24 31 35 37 38 39 36 30 28 22 0 10 23 26 27 29 34 33 32 25 0 1 99 100 97 93 92 94 95 96 98 0 90 87 86 83 82 84 85 88 89 91 0 67 65 62 72 61 64 68 66 69 0 5 7 3 4 8 9 6 2 75 0 63 74 80 79 77 73 70 71 76 78 81 0 21 20 47 46 49 52 50 51 48 45 44 42 43 0 11 12 14 16 15 19 18 17 13 -1 -1 -1 -1 -1 -1 -1 -1 -1 -1 -1 -1 -1 -1 -1 -1 ] [ 877 -0 10 ] [ 0 0 0 ] # 0 # 0 - 
119) [ 41 40 59 60 58 56 53 54 55 57 0 24 31 35 37 38 39 36 30 28 22 0 10 23 26 27 29 34 33 32 25 0 1 99 100 97 93 92 94 95 96 98 0 90 87 86 83 82 84 85 88 89 91 0 67 65 62 72 61 64 68 66 69 0 5 7 3 4 8 9 6 2 75 0 63 74 80 79 77 73 70 71 76 78 81 0 21 20 47 46 49 52 50 51 48 45 44 42 43 0 11 12 14 16 15 19 18 17 13 -1 -1 -1 -1 -1 -1 -1 -1 -1 -1 -1 -1 -1 -1 -1 -1 ] [ 877 -0 10 ] [ 0 0 0 ] # 0 # 0 - 
120) [ 41 40 59 60 58 56 53 54 55 57 0 24 31 35 37 38 39 36 30 28 22 0 10 23 26 27 29 34 33 32 25 0 1 99 100 97 93 92 94 95 96 98 0 90 87 86 83 82 84 85 88 89 91 0 67 65 62 72 61 64 68 66 69 0 5 7 3 4 8 9 6 2 75 0 63 74 80 79 77 73 70 71 76 78 81 0 21 20 47 46 49 52 50 51 48 45 44 42 43 0 11 12 14 16 15 19 18 17 13 -1 -1 -1 -1 -1 -1 -1 -1 -1 -1 -1 -1 -1 -1 -1 -1 ] [ 877 -0 10 ] [ 0 0 0 ] # 0 # 0 - 
121) [ 41 40 59 60 58 56 53 54 55 57 0 24 31 35 37 38 39 36 30 28 22 0 10 23 26 27 29 34 33 32 25 0 1 99 100 97 93 92 94 95 96 98 0 90 87 86 83 82 84 85 88 89 91 0 67 65 62 72 61 64 68 66 69 0 5 7 3 4 8 9 6 2 75 0 63 74 80 79 77 73 70 71 76 78 81 0 21 20 47 46 49 52 50 51 48 45 44 42 43 0 11 12 14 16 15 19 18 17 13 -1 -1 -1 -1 -1 -1 -1 -1 -1 -1 -1 -1 -1 -1 -1 -1 ] [ 877 -0 10 ] [ 0 0 0 ] # 0 # 0 - 
122) [ 41 40 59 60 58 56 53 54 55 57 0 24 31 35 37 38 39 36 30 28 22 0 10 23 26 27 29 34 33 32 25 0 1 99 100 97 93 92 94 95 96 98 0 90 87 86 83 82 84 85 88 89 91 0 67 65 62 72 61 64 68 66 69 0 5 7 3 4 8 9 6 2 75 0 63 74 80 79 77 73 70 71 76 78 81 0 21 20 47 46 49 52 50 51 48 45 44 42 43 0 11 12 14 16 15 19 18 17 13 -1 -1 -1 -1 -1 -1 -1 -1 -1 -1 -1 -1 -1 -1 -1 -1 ] [ 877 -0 10 ] [ 0 0 0 ] # 0 # 0 - 
123) [ 41 40 59 60 58 56 53 54 55 57 0 24 31 35 37 38 39 36 30 28 22 0 10 23 26 27 29 34 33 32 25 0 1 99 100 97 93 92 94 95 96 98 0 90 87 86 83 82 84 85 88 89 91 0 67 65 62 72 61 64 68 66 69 0 5 7 3 4 8 9 6 2 75 0 63 74 80 79 77 73 70 71 76 78 81 0 21 20 47 46 49 52 50 51 48 45 44 42 43 0 11 12 14 16 15 19 18 17 13 -1 -1 -1 -1 -1 -1 -1 -1 -1 -1 -1 -1 -1 -1 -1 -1 ] [ 877 -0 10 ] [ 0 0 0 ] # 0 # 0 - 
124) [ 41 40 59 60 58 56 53 54 55 57 0 24 31 35 37 38 39 36 30 28 22 0 10 23 26 27 29 34 33 32 25 0 1 99 100 97 93 92 94 95 96 98 0 90 87 86 83 82 84 85 88 89 91 0 67 65 62 72 61 64 68 66 69 0 5 7 3 4 8 9 6 2 75 0 63 74 80 79 77 73 70 71 76 78 81 0 21 20 47 46 49 52 50 51 48 45 44 42 43 0 11 12 14 16 15 19 18 17 13 -1 -1 -1 -1 -1 -1 -1 -1 -1 -1 -1 -1 -1 -1 -1 -1 ] [ 877 -0 10 ] [ 0 0 0 ] # 0 # 0 - 
125) [ 41 40 59 60 58 56 53 54 55 57 0 24 31 35 37 38 39 36 30 28 22 0 10 23 26 27 29 34 33 32 25 0 1 99 100 97 93 92 94 95 96 98 0 90 87 86 83 82 84 85 88 89 91 0 67 65 62 72 61 64 68 66 69 0 5 7 3 4 8 9 6 2 75 0 63 74 80 79 77 73 70 71 76 78 81 0 21 20 47 46 49 52 50 51 48 45 44 42 43 0 11 12 14 16 15 19 18 17 13 -1 -1 -1 -1 -1 -1 -1 -1 -1 -1 -1 -1 -1 -1 -1 -1 ] [ 877 -0 10 ] [ 0 0 0 ] # 0 # 0 - 
126) [ 41 40 59 60 58 56 53 54 55 57 0 24 31 35 37 38 39 36 30 28 22 0 10 23 26 27 29 34 33 32 25 0 1 99 100 97 93 92 94 95 96 98 0 90 87 86 83 82 84 85 88 89 91 0 67 65 62 72 61 64 68 66 69 0 5 7 3 4 8 9 6 2 75 0 63 74 80 79 77 73 70 71 76 78 81 0 21 20 47 46 49 52 50 51 48 45 44 42 43 0 11 12 14 16 15 19 18 17 13 -1 -1 -1 -1 -1 -1 -1 -1 -1 -1 -1 -1 -1 -1 -1 -1 ] [ 877 -0 10 ] [ 0 0 0 ] # 0 # 0 - 
127) [ 41 40 59 60 58 56 53 54 55 57 0 24 31 35 37 38 39 36 30 28 22 0 10 23 26 27 29 34 33 32 25 0 1 99 100 97 93 92 94 95 96 98 0 90 87 86 83 82 84 85 88 89 91 0 67 65 62 72 61 64 68 66 69 0 5 7 3 4 8 9 6 2 75 0 63 74 80 79 77 73 70 71 76 78 81 0 21 20 47 46 49 52 50 51 48 45 44 42 43 0 11 12 14 16 15 19 18 17 13 -1 -1 -1 -1 -1 -1 -1 -1 -1 -1 -1 -1 -1 -1 -1 -1 ] [ 877 -0 10 ] [ 0 0 0 ] # 0 # 0 - 
128) [ 41 40 59 60 58 56 53 54 55 57 0 24 31 35 37 38 39 36 30 28 22 0 10 23 26 27 29 34 33 32 25 0 1 99 100 97 93 92 94 95 96 98 0 90 87 86 83 82 84 85 88 89 91 0 67 65 62 72 61 64 68 66 69 0 5 7 3 4 8 9 6 2 75 0 63 74 80 79 77 73 70 71 76 78 81 0 21 20 47 46 49 52 50 51 48 45 44 42 43 0 11 12 14 16 15 19 18 17 13 -1 -1 -1 -1 -1 -1 -1 -1 -1 -1 -1 -1 -1 -1 -1 -1 ] [ 877 -0 10 ] [ 0 0 0 ] # 0 # 0 - 
129) [ 41 40 59 60 58 56 53 54 55 57 0 24 31 35 37 38 39 36 30 28 22 0 10 23 26 27 29 34 33 32 25 0 1 99 100 97 93 92 94 95 96 98 0 90 87 86 83 82 84 85 88 89 91 0 67 65 62 72 61 64 68 66 69 0 5 7 3 4 8 9 6 2 75 0 63 74 80 79 77 73 70 71 76 78 81 0 21 20 47 46 49 52 50 51 48 45 44 42 43 0 11 12 14 16 15 19 18 17 13 -1 -1 -1 -1 -1 -1 -1 -1 -1 -1 -1 -1 -1 -1 -1 -1 ] [ 877 -0 10 ] [ 0 0 0 ] # 0 # 0 - 
130) [ 41 40 59 60 58 56 53 54 55 57 0 24 31 35 37 38 39 36 30 28 22 0 10 23 26 27 29 34 33 32 25 0 1 99 100 97 93 92 94 95 96 98 0 90 87 86 83 82 84 85 88 89 91 0 67 65 62 72 61 64 68 66 69 0 5 7 3 4 8 9 6 2 75 0 63 74 80 79 77 73 70 71 76 78 81 0 21 20 47 46 49 52 50 51 48 45 44 42 43 0 11 12 14 16 15 19 18 17 13 -1 -1 -1 -1 -1 -1 -1 -1 -1 -1 -1 -1 -1 -1 -1 -1 ] [ 877 -0 10 ] [ 0 0 0 ] # 0 # 0 - 
131) [ 41 40 59 60 58 56 53 54 55 57 0 24 31 35 37 38 39 36 30 28 22 0 10 23 26 27 29 34 33 32 25 0 1 99 100 97 93 92 94 95 96 98 0 90 87 86 83 82 84 85 88 89 91 0 67 65 62 72 61 64 68 66 69 0 5 7 3 4 8 9 6 2 75 0 63 74 80 79 77 73 70 71 76 78 81 0 21 20 47 46 49 52 50 51 48 45 44 42 43 0 11 12 14 16 15 19 18 17 13 -1 -1 -1 -1 -1 -1 -1 -1 -1 -1 -1 -1 -1 -1 -1 -1 ] [ 877 -0 10 ] [ 0 0 0 ] # 0 # 0 - 
132) [ 41 40 59 60 58 56 53 54 55 57 0 24 31 35 37 38 39 36 30 28 22 0 10 23 26 27 29 34 33 32 25 0 1 99 100 97 93 92 94 95 96 98 0 90 87 86 83 82 84 85 88 89 91 0 67 65 62 72 61 64 68 66 69 0 5 7 3 4 8 9 6 2 75 0 63 74 80 79 77 73 70 71 76 78 81 0 21 20 47 46 49 52 50 51 48 45 44 42 43 0 11 12 14 16 15 19 18 17 13 -1 -1 -1 -1 -1 -1 -1 -1 -1 -1 -1 -1 -1 -1 -1 -1 ] [ 877 -0 10 ] [ 0 0 0 ] # 0 # 0 - 
133) [ 41 40 59 60 58 56 53 54 55 57 0 24 31 35 37 38 39 36 30 28 22 0 10 23 26 27 29 34 33 32 25 0 1 99 100 97 93 92 94 95 96 98 0 90 87 86 83 82 84 85 88 89 91 0 67 65 62 72 61 64 68 66 69 0 5 7 3 4 8 9 6 2 75 0 63 74 80 79 77 73 70 71 76 78 81 0 21 20 47 46 49 52 50 51 48 45 44 42 43 0 11 12 14 16 15 19 18 17 13 -1 -1 -1 -1 -1 -1 -1 -1 -1 -1 -1 -1 -1 -1 -1 -1 ] [ 877 -0 10 ] [ 0 0 0 ] # 0 # 0 - 
134) [ 41 40 59 60 58 56 53 54 55 57 0 24 31 35 37 38 39 36 30 28 22 0 10 23 26 27 29 34 33 32 25 0 1 99 100 97 93 92 94 95 96 98 0 90 87 86 83 82 84 85 88 89 91 0 67 65 62 72 61 64 68 66 69 0 5 7 3 4 8 9 6 2 75 0 63 74 80 79 77 73 70 71 76 78 81 0 21 20 47 46 49 52 50 51 48 45 44 42 43 0 11 12 14 16 15 19 18 17 13 -1 -1 -1 -1 -1 -1 -1 -1 -1 -1 -1 -1 -1 -1 -1 -1 ] [ 877 -0 10 ] [ 0 0 0 ] # 0 # 0 - 
135) [ 41 40 59 60 58 56 53 54 55 57 0 24 31 35 37 38 39 36 30 28 22 0 10 23 26 27 29 34 33 32 25 0 1 99 100 97 93 92 94 95 96 98 0 90 87 86 83 82 84 85 88 89 91 0 67 65 62 72 61 64 68 66 69 0 5 7 3 4 8 9 6 2 75 0 63 74 80 79 77 73 70 71 76 78 81 0 21 20 47 46 49 52 50 51 48 45 44 42 43 0 11 12 14 16 15 19 18 17 13 -1 -1 -1 -1 -1 -1 -1 -1 -1 -1 -1 -1 -1 -1 -1 -1 ] [ 877 -0 10 ] [ 0 0 0 ] # 0 # 0 - 
136) [ 41 40 59 60 58 56 53 54 55 57 0 24 31 35 37 38 39 36 30 28 22 0 10 23 26 27 29 34 33 32 25 0 1 99 100 97 93 92 94 95 96 98 0 90 87 86 83 82 84 85 88 89 91 0 67 65 62 72 61 64 68 66 69 0 5 7 3 4 8 9 6 2 75 0 63 74 80 79 77 73 70 71 76 78 81 0 21 20 47 46 49 52 50 51 48 45 44 42 43 0 11 12 14 16 15 19 18 17 13 -1 -1 -1 -1 -1 -1 -1 -1 -1 -1 -1 -1 -1 -1 -1 -1 ] [ 877 -0 10 ] [ 0 0 0 ] # 0 # 0 - 
137) [ 41 40 59 60 58 56 53 54 55 57 0 24 31 35 37 38 39 36 30 28 22 0 10 23 26 27 29 34 33 32 25 0 1 99 100 97 93 92 94 95 96 98 0 90 87 86 83 82 84 85 88 89 91 0 67 65 62 72 61 64 68 66 69 0 5 7 3 4 8 9 6 2 75 0 63 74 80 79 77 73 70 71 76 78 81 0 21 20 47 46 49 52 50 51 48 45 44 42 43 0 11 12 14 16 15 19 18 17 13 -1 -1 -1 -1 -1 -1 -1 -1 -1 -1 -1 -1 -1 -1 -1 -1 ] [ 877 -0 10 ] [ 0 0 0 ] # 0 # 0 - 
138) [ 41 40 59 60 58 56 53 54 55 57 0 24 31 35 37 38 39 36 30 28 22 0 10 23 26 27 29 34 33 32 25 0 1 99 100 97 93 92 94 95 96 98 0 90 87 86 83 82 84 85 88 89 91 0 67 65 62 72 61 64 68 66 69 0 5 7 3 4 8 9 6 2 75 0 63 74 80 79 77 73 70 71 76 78 81 0 21 20 47 46 49 52 50 51 48 45 44 42 43 0 11 12 14 16 15 19 18 17 13 -1 -1 -1 -1 -1 -1 -1 -1 -1 -1 -1 -1 -1 -1 -1 -1 ] [ 877 -0 10 ] [ 0 0 0 ] # 0 # 0 - 
139) [ 41 40 59 60 58 56 53 54 55 57 0 24 31 35 37 38 39 36 30 28 22 0 10 23 26 27 29 34 33 32 25 0 1 99 100 97 93 92 94 95 96 98 0 90 87 86 83 82 84 85 88 89 91 0 67 65 62 72 61 64 68 66 69 0 5 7 3 4 8 9 6 2 75 0 63 74 80 79 77 73 70 71 76 78 81 0 21 20 47 46 49 52 50 51 48 45 44 42 43 0 11 12 14 16 15 19 18 17 13 -1 -1 -1 -1 -1 -1 -1 -1 -1 -1 -1 -1 -1 -1 -1 -1 ] [ 877 -0 10 ] [ 0 0 0 ] # 0 # 0 - 
140) [ 41 40 59 60 58 56 53 54 55 57 0 24 31 35 37 38 39 36 30 28 22 0 10 23 26 27 29 34 33 32 25 0 1 99 100 97 93 92 94 95 96 98 0 90 87 86 83 82 84 85 88 89 91 0 67 65 62 72 61 64 68 66 69 0 5 7 3 4 8 9 6 2 75 0 63 74 80 79 77 73 70 71 76 78 81 0 21 20 47 46 49 52 50 51 48 45 44 42 43 0 11 12 14 16 15 19 18 17 13 -1 -1 -1 -1 -1 -1 -1 -1 -1 -1 -1 -1 -1 -1 -1 -1 ] [ 877 -0 10 ] [ 0 0 0 ] # 0 # 0 - 
141) [ 41 40 59 60 58 56 53 54 55 57 0 24 31 35 37 38 39 36 30 28 22 0 10 23 26 27 29 34 33 32 25 0 1 99 100 97 93 92 94 95 96 98 0 90 87 86 83 82 84 85 88 89 91 0 67 65 62 72 61 64 68 66 69 0 5 7 3 4 8 9 6 2 75 0 63 74 80 79 77 73 70 71 76 78 81 0 21 20 47 46 49 52 50 51 48 45 44 42 43 0 11 12 14 16 15 19 18 17 13 -1 -1 -1 -1 -1 -1 -1 -1 -1 -1 -1 -1 -1 -1 -1 -1 ] [ 877 -0 10 ] [ 0 0 0 ] # 0 # 0 - 
142) [ 41 40 59 60 58 56 53 54 55 57 0 24 31 35 37 38 39 36 30 28 22 0 10 23 26 27 29 34 33 32 25 0 1 99 100 97 93 92 94 95 96 98 0 90 87 86 83 82 84 85 88 89 91 0 67 65 62 72 61 64 68 66 69 0 5 7 3 4 8 9 6 2 75 0 63 74 80 79 77 73 70 71 76 78 81 0 21 20 47 46 49 52 50 51 48 45 44 42 43 0 11 12 14 16 15 19 18 17 13 -1 -1 -1 -1 -1 -1 -1 -1 -1 -1 -1 -1 -1 -1 -1 -1 ] [ 877 -0 10 ] [ 0 0 0 ] # 0 # 0 - 
143) [ 41 40 59 60 58 56 53 54 55 57 0 24 31 35 37 38 39 36 30 28 22 0 10 23 26 27 29 34 33 32 25 0 1 99 100 97 93 92 94 95 96 98 0 90 87 86 83 82 84 85 88 89 91 0 67 65 62 72 61 64 68 66 69 0 5 7 3 4 8 9 6 2 75 0 63 74 80 79 77 73 70 71 76 78 81 0 21 20 47 46 49 52 50 51 48 45 44 42 43 0 11 12 14 16 15 19 18 17 13 -1 -1 -1 -1 -1 -1 -1 -1 -1 -1 -1 -1 -1 -1 -1 -1 ] [ 877 -0 10 ] [ 0 0 0 ] # 0 # 0 - 
144) [ 41 40 59 60 58 56 53 54 55 57 0 24 31 35 37 38 39 36 30 28 22 0 10 23 26 27 29 34 33 32 25 0 1 99 100 97 93 92 94 95 96 98 0 90 87 86 83 82 84 85 88 89 91 0 67 65 62 72 61 64 68 66 69 0 5 7 3 4 8 9 6 2 75 0 63 74 80 79 77 73 70 71 76 78 81 0 21 20 47 46 49 52 50 51 48 45 44 42 43 0 11 12 14 16 15 19 18 17 13 -1 -1 -1 -1 -1 -1 -1 -1 -1 -1 -1 -1 -1 -1 -1 -1 ] [ 877 -0 10 ] [ 0 0 0 ] # 0 # 0 - 
145) [ 41 40 59 60 58 56 53 54 55 57 0 24 31 35 37 38 39 36 30 28 22 0 10 23 26 27 29 34 33 32 25 0 1 99 100 97 93 92 94 95 96 98 0 90 87 86 83 82 84 85 88 89 91 0 67 65 62 72 61 64 68 66 69 0 5 7 3 4 8 9 6 2 75 0 63 74 80 79 77 73 70 71 76 78 81 0 21 20 47 46 49 52 50 51 48 45 44 42 43 0 11 12 14 16 15 19 18 17 13 -1 -1 -1 -1 -1 -1 -1 -1 -1 -1 -1 -1 -1 -1 -1 -1 ] [ 877 -0 10 ] [ 0 0 0 ] # 0 # 0 - 
146) [ 41 40 59 60 58 56 53 54 55 57 0 24 31 35 37 38 39 36 30 28 22 0 10 23 26 27 29 34 33 32 25 0 1 99 100 97 93 92 94 95 96 98 0 90 87 86 83 82 84 85 88 89 91 0 67 65 62 72 61 64 68 66 69 0 5 7 3 4 8 9 6 2 75 0 63 74 80 79 77 73 70 71 76 78 81 0 21 20 47 46 49 52 50 51 48 45 44 42 43 0 11 12 14 16 15 19 18 17 13 -1 -1 -1 -1 -1 -1 -1 -1 -1 -1 -1 -1 -1 -1 -1 -1 ] [ 877 -0 10 ] [ 0 0 0 ] # 0 # 0 - 
147) [ 41 40 59 60 58 56 53 54 55 57 0 24 31 35 37 38 39 36 30 28 22 0 10 23 26 27 29 34 33 32 25 0 1 99 100 97 93 92 94 95 96 98 0 90 87 86 83 82 84 85 88 89 91 0 67 65 62 72 61 64 68 66 69 0 5 7 3 4 8 9 6 2 75 0 63 74 80 79 77 73 70 71 76 78 81 0 21 20 47 46 49 52 50 51 48 45 44 42 43 0 11 12 14 16 15 19 18 17 13 -1 -1 -1 -1 -1 -1 -1 -1 -1 -1 -1 -1 -1 -1 -1 -1 ] [ 877 -0 10 ] [ 0 0 0 ] # 0 # 0 - 
148) [ 41 40 59 60 58 56 53 54 55 57 0 24 31 35 37 38 39 36 30 28 22 0 10 23 26 27 29 34 33 32 25 0 1 99 100 97 93 92 94 95 96 98 0 90 87 86 83 82 84 85 88 89 91 0 67 65 62 72 61 64 68 66 69 0 5 7 3 4 8 9 6 2 75 0 63 74 80 79 77 73 70 71 76 78 81 0 21 20 47 46 49 52 50 51 48 45 44 42 43 0 11 12 14 16 15 19 18 17 13 -1 -1 -1 -1 -1 -1 -1 -1 -1 -1 -1 -1 -1 -1 -1 -1 ] [ 877 -0 10 ] [ 0 0 0 ] # 0 # 0 - 
149) [ 41 40 59 60 58 56 53 54 55 57 0 24 31 35 37 38 39 36 30 28 22 0 10 23 26 27 29 34 33 32 25 0 1 99 100 97 93 92 94 95 96 98 0 90 87 86 83 82 84 85 88 89 91 0 67 65 62 72 61 64 68 66 69 0 5 7 3 4 8 9 6 2 75 0 63 74 80 79 77 73 70 71 76 78 81 0 21 20 47 46 49 52 50 51 48 45 44 42 43 0 11 12 14 16 15 19 18 17 13 -1 -1 -1 -1 -1 -1 -1 -1 -1 -1 -1 -1 -1 -1 -1 -1 ] [ 877 -0 10 ] [ 0 0 0 ] # 0 # 0 - 
150) [ 41 40 59 60 58 56 53 54 55 57 0 24 31 35 37 38 39 36 30 28 22 0 10 23 26 27 29 34 33 32 25 0 1 99 100 97 93 92 94 95 96 98 0 90 87 86 83 82 84 85 88 89 91 0 67 65 62 72 61 64 68 66 69 0 5 7 3 4 8 9 6 2 75 0 63 74 80 79 77 73 70 71 76 78 81 0 21 20 47 46 49 52 50 51 48 45 44 42 43 0 11 12 14 16 15 19 18 17 13 -1 -1 -1 -1 -1 -1 -1 -1 -1 -1 -1 -1 -1 -1 -1 -1 ] [ 877 -0 10 ] [ 0 0 0 ] # 0 # 0 - 
151) [ 41 40 59 60 58 56 53 54 55 57 0 24 31 35 37 38 39 36 30 28 22 0 10 23 26 27 29 34 33 32 25 0 1 99 100 97 93 92 94 95 96 98 0 90 87 86 83 82 84 85 88 89 91 0 67 65 62 72 61 64 68 66 69 0 5 7 3 4 8 9 6 2 75 0 63 74 80 79 77 73 70 71 76 78 81 0 21 20 47 46 49 52 50 51 48 45 44 42 43 0 11 12 14 16 15 19 18 17 13 -1 -1 -1 -1 -1 -1 -1 -1 -1 -1 -1 -1 -1 -1 -1 -1 ] [ 877 -0 10 ] [ 0 0 0 ] # 0 # 0 - 
152) [ 41 40 59 60 58 56 53 54 55 57 0 24 31 35 37 38 39 36 30 28 22 0 10 23 26 27 29 34 33 32 25 0 1 99 100 97 93 92 94 95 96 98 0 90 87 86 83 82 84 85 88 89 91 0 67 65 62 72 61 64 68 66 69 0 5 7 3 4 8 9 6 2 75 0 63 74 80 79 77 73 70 71 76 78 81 0 21 20 47 46 49 52 50 51 48 45 44 42 43 0 11 12 14 16 15 19 18 17 13 -1 -1 -1 -1 -1 -1 -1 -1 -1 -1 -1 -1 -1 -1 -1 -1 ] [ 877 -0 10 ] [ 0 0 0 ] # 0 # 0 - 
153) [ 41 40 59 60 58 56 53 54 55 57 0 24 31 35 37 38 39 36 30 28 22 0 10 23 26 27 29 34 33 32 25 0 1 99 100 97 93 92 94 95 96 98 0 90 87 86 83 82 84 85 88 89 91 0 67 65 62 72 61 64 68 66 69 0 5 7 3 4 8 9 6 2 75 0 63 74 80 79 77 73 70 71 76 78 81 0 21 20 47 46 49 52 50 51 48 45 44 42 43 0 11 12 14 16 15 19 18 17 13 -1 -1 -1 -1 -1 -1 -1 -1 -1 -1 -1 -1 -1 -1 -1 -1 ] [ 877 -0 10 ] [ 0 0 0 ] # 0 # 0 - 
154) [ 41 40 59 60 58 56 53 54 55 57 0 24 31 35 37 38 39 36 30 28 22 0 10 23 26 27 29 34 33 32 25 0 1 99 100 97 93 92 94 95 96 98 0 90 87 86 83 82 84 85 88 89 91 0 67 65 62 72 61 64 68 66 69 0 5 7 3 4 8 9 6 2 75 0 63 74 80 79 77 73 70 71 76 78 81 0 21 20 47 46 49 52 50 51 48 45 44 42 43 0 11 12 14 16 15 19 18 17 13 -1 -1 -1 -1 -1 -1 -1 -1 -1 -1 -1 -1 -1 -1 -1 -1 ] [ 877 -0 10 ] [ 0 0 0 ] # 0 # 0 - 
155) [ 41 40 59 60 58 56 53 54 55 57 0 24 31 35 37 38 39 36 30 28 22 0 10 23 26 27 29 34 33 32 25 0 1 99 100 97 93 92 94 95 96 98 0 90 87 86 83 82 84 85 88 89 91 0 67 65 62 72 61 64 68 66 69 0 5 7 3 4 8 9 6 2 75 0 63 74 80 79 77 73 70 71 76 78 81 0 21 20 47 46 49 52 50 51 48 45 44 42 43 0 11 12 14 16 15 19 18 17 13 -1 -1 -1 -1 -1 -1 -1 -1 -1 -1 -1 -1 -1 -1 -1 -1 ] [ 877 -0 10 ] [ 0 0 0 ] # 0 # 0 - 
156) [ 41 40 59 60 58 56 53 54 55 57 0 24 31 35 37 38 39 36 30 28 22 0 10 23 26 27 29 34 33 32 25 0 1 99 100 97 93 92 94 95 96 98 0 90 87 86 83 82 84 85 88 89 91 0 67 65 62 72 61 64 68 66 69 0 5 7 3 4 8 9 6 2 75 0 63 74 80 79 77 73 70 71 76 78 81 0 21 20 47 46 49 52 50 51 48 45 44 42 43 0 11 12 14 16 15 19 18 17 13 -1 -1 -1 -1 -1 -1 -1 -1 -1 -1 -1 -1 -1 -1 -1 -1 ] [ 877 -0 10 ] [ 0 0 0 ] # 0 # 0 - 
157) [ 41 40 59 60 58 56 53 54 55 57 0 24 31 35 37 38 39 36 30 28 22 0 10 23 26 27 29 34 33 32 25 0 1 99 100 97 93 92 94 95 96 98 0 90 87 86 83 82 84 85 88 89 91 0 67 65 62 72 61 64 68 66 69 0 5 7 3 4 8 9 6 2 75 0 63 74 80 79 77 73 70 71 76 78 81 0 21 20 47 46 49 52 50 51 48 45 44 42 43 0 11 12 14 16 15 19 18 17 13 -1 -1 -1 -1 -1 -1 -1 -1 -1 -1 -1 -1 -1 -1 -1 -1 ] [ 877 -0 10 ] [ 0 0 0 ] # 0 # 0 - 
158) [ 41 40 59 60 58 56 53 54 55 57 0 24 31 35 37 38 39 36 30 28 22 0 10 23 26 27 29 34 33 32 25 0 1 99 100 97 93 92 94 95 96 98 0 90 87 86 83 82 84 85 88 89 91 0 67 65 62 72 61 64 68 66 69 0 5 7 3 4 8 9 6 2 75 0 63 74 80 79 77 73 70 71 76 78 81 0 21 20 47 46 49 52 50 51 48 45 44 42 43 0 11 12 14 16 15 19 18 17 13 -1 -1 -1 -1 -1 -1 -1 -1 -1 -1 -1 -1 -1 -1 -1 -1 ] [ 877 -0 10 ] [ 0 0 0 ] # 0 # 0 - 
159) [ 41 40 59 60 58 56 53 54 55 57 0 24 31 35 37 38 39 36 30 28 22 0 10 23 26 27 29 34 33 32 25 0 1 99 100 97 93 92 94 95 96 98 0 90 87 86 83 82 84 85 88 89 91 0 67 65 62 72 61 64 68 66 69 0 5 7 3 4 8 9 6 2 75 0 63 74 80 79 77 73 70 71 76 78 81 0 21 20 47 46 49 52 50 51 48 45 44 42 43 0 11 12 14 16 15 19 18 17 13 -1 -1 -1 -1 -1 -1 -1 -1 -1 -1 -1 -1 -1 -1 -1 -1 ] [ 877 -0 10 ] [ 0 0 0 ] # 0 # 0 - 
160) [ 41 40 59 60 58 56 53 54 55 57 0 24 31 35 37 38 39 36 30 28 22 0 10 23 26 27 29 34 33 32 25 0 1 99 100 97 93 92 94 95 96 98 0 90 87 86 83 82 84 85 88 89 91 0 67 65 62 72 61 64 68 66 69 0 5 7 3 4 8 9 6 2 75 0 63 74 80 79 77 73 70 71 76 78 81 0 21 20 47 46 49 52 50 51 48 45 44 42 43 0 11 12 14 16 15 19 18 17 13 -1 -1 -1 -1 -1 -1 -1 -1 -1 -1 -1 -1 -1 -1 -1 -1 ] [ 877 -0 10 ] [ 0 0 0 ] # 0 # 0 - 
161) [ 41 40 59 60 58 56 53 54 55 57 0 24 31 35 37 38 39 36 30 28 22 0 10 23 26 27 29 34 33 32 25 0 1 99 100 97 93 92 94 95 96 98 0 90 87 86 83 82 84 85 88 89 91 0 67 65 62 72 61 64 68 66 69 0 5 7 3 4 8 9 6 2 75 0 63 74 80 79 77 73 70 71 76 78 81 0 21 20 47 46 49 52 50 51 48 45 44 42 43 0 11 12 14 16 15 19 18 17 13 -1 -1 -1 -1 -1 -1 -1 -1 -1 -1 -1 -1 -1 -1 -1 -1 ] [ 877 -0 10 ] [ 0 0 0 ] # 0 # 0 - 
162) [ 41 40 59 60 58 56 53 54 55 57 0 24 31 35 37 38 39 36 30 28 22 0 10 23 26 27 29 34 33 32 25 0 1 99 100 97 93 92 94 95 96 98 0 90 87 86 83 82 84 85 88 89 91 0 67 65 62 72 61 64 68 66 69 0 5 7 3 4 8 9 6 2 75 0 63 74 80 79 77 73 70 71 76 78 81 0 21 20 47 46 49 52 50 51 48 45 44 42 43 0 11 12 14 16 15 19 18 17 13 -1 -1 -1 -1 -1 -1 -1 -1 -1 -1 -1 -1 -1 -1 -1 -1 ] [ 877 -0 10 ] [ 0 0 0 ] # 0 # 0 - 
163) [ 41 40 59 60 58 56 53 54 55 57 0 24 31 35 37 38 39 36 30 28 22 0 10 23 26 27 29 34 33 32 25 0 1 99 100 97 93 92 94 95 96 98 0 90 87 86 83 82 84 85 88 89 91 0 67 65 62 72 61 64 68 66 69 0 5 7 3 4 8 9 6 2 75 0 63 74 80 79 77 73 70 71 76 78 81 0 21 20 47 46 49 52 50 51 48 45 44 42 43 0 11 12 14 16 15 19 18 17 13 -1 -1 -1 -1 -1 -1 -1 -1 -1 -1 -1 -1 -1 -1 -1 -1 ] [ 877 -0 10 ] [ 0 0 0 ] # 0 # 0 - 
164) [ 41 40 59 60 58 56 53 54 55 57 0 24 31 35 37 38 39 36 30 28 22 0 10 23 26 27 29 34 33 32 25 0 1 99 100 97 93 92 94 95 96 98 0 90 87 86 83 82 84 85 88 89 91 0 67 65 62 72 61 64 68 66 69 0 5 7 3 4 8 9 6 2 75 0 63 74 80 79 77 73 70 71 76 78 81 0 21 20 47 46 49 52 50 51 48 45 44 42 43 0 11 12 14 16 15 19 18 17 13 -1 -1 -1 -1 -1 -1 -1 -1 -1 -1 -1 -1 -1 -1 -1 -1 ] [ 877 -0 10 ] [ 0 0 0 ] # 0 # 0 - 
165) [ 41 40 59 60 58 56 53 54 55 57 0 24 31 35 37 38 39 36 30 28 22 0 10 23 26 27 29 34 33 32 25 0 1 99 100 97 93 92 94 95 96 98 0 90 87 86 83 82 84 85 88 89 91 0 67 65 62 72 61 64 68 66 69 0 5 7 3 4 8 9 6 2 75 0 63 74 80 79 77 73 70 71 76 78 81 0 21 20 47 46 49 52 50 51 48 45 44 42 43 0 11 12 14 16 15 19 18 17 13 -1 -1 -1 -1 -1 -1 -1 -1 -1 -1 -1 -1 -1 -1 -1 -1 ] [ 877 -0 10 ] [ 0 0 0 ] # 0 # 0 - 
166) [ 41 40 59 60 58 56 53 54 55 57 0 24 31 35 37 38 39 36 30 28 22 0 10 23 26 27 29 34 33 32 25 0 1 99 100 97 93 92 94 95 96 98 0 90 87 86 83 82 84 85 88 89 91 0 67 65 62 72 61 64 68 66 69 0 5 7 3 4 8 9 6 2 75 0 63 74 80 79 77 73 70 71 76 78 81 0 21 20 47 46 49 52 50 51 48 45 44 42 43 0 11 12 14 16 15 19 18 17 13 -1 -1 -1 -1 -1 -1 -1 -1 -1 -1 -1 -1 -1 -1 -1 -1 ] [ 877 -0 10 ] [ 0 0 0 ] # 0 # 0 - 
167) [ 41 40 59 60 58 56 53 54 55 57 0 24 31 35 37 38 39 36 30 28 22 0 10 23 26 27 29 34 33 32 25 0 1 99 100 97 93 92 94 95 96 98 0 90 87 86 83 82 84 85 88 89 91 0 67 65 62 72 61 64 68 66 69 0 5 7 3 4 8 9 6 2 75 0 63 74 80 79 77 73 70 71 76 78 81 0 21 20 47 46 49 52 50 51 48 45 44 42 43 0 11 12 14 16 15 19 18 17 13 -1 -1 -1 -1 -1 -1 -1 -1 -1 -1 -1 -1 -1 -1 -1 -1 ] [ 877 -0 10 ] [ 0 0 0 ] # 0 # 0 - 
168) [ 41 40 59 60 58 56 53 54 55 57 0 24 31 35 37 38 39 36 30 28 22 0 10 23 26 27 29 34 33 32 25 0 1 99 100 97 93 92 94 95 96 98 0 90 87 86 83 82 84 85 88 89 91 0 67 65 62 72 61 64 68 66 69 0 5 7 3 4 8 9 6 2 75 0 63 74 80 79 77 73 70 71 76 78 81 0 21 20 47 46 49 52 50 51 48 45 44 42 43 0 11 12 14 16 15 19 18 17 13 -1 -1 -1 -1 -1 -1 -1 -1 -1 -1 -1 -1 -1 -1 -1 -1 ] [ 877 -0 10 ] [ 0 0 0 ] # 0 # 0 - 
169) [ 41 40 59 60 58 56 53 54 55 57 0 24 31 35 37 38 39 36 30 28 22 0 10 23 26 27 29 34 33 32 25 0 1 99 100 97 93 92 94 95 96 98 0 90 87 86 83 82 84 85 88 89 91 0 67 65 62 72 61 64 68 66 69 0 5 7 3 4 8 9 6 2 75 0 63 74 80 79 77 73 70 71 76 78 81 0 21 20 47 46 49 52 50 51 48 45 44 42 43 0 11 12 14 16 15 19 18 17 13 -1 -1 -1 -1 -1 -1 -1 -1 -1 -1 -1 -1 -1 -1 -1 -1 ] [ 877 -0 10 ] [ 0 0 0 ] # 0 # 0 - 
170) [ 41 40 59 60 58 56 53 54 55 57 0 24 31 35 37 38 39 36 30 28 22 0 10 23 26 27 29 34 33 32 25 0 1 99 100 97 93 92 94 95 96 98 0 90 87 86 83 82 84 85 88 89 91 0 67 65 62 72 61 64 68 66 69 0 5 7 3 4 8 9 6 2 75 0 63 74 80 79 77 73 70 71 76 78 81 0 21 20 47 46 49 52 50 51 48 45 44 42 43 0 11 12 14 16 15 19 18 17 13 -1 -1 -1 -1 -1 -1 -1 -1 -1 -1 -1 -1 -1 -1 -1 -1 ] [ 877 -0 10 ] [ 0 0 0 ] # 0 # 0 - 
171) [ 41 40 59 60 58 56 53 54 55 57 0 24 31 35 37 38 39 36 30 28 22 0 10 23 26 27 29 34 33 32 25 0 1 99 100 97 93 92 94 95 96 98 0 90 87 86 83 82 84 85 88 89 91 0 67 65 62 72 61 64 68 66 69 0 5 7 3 4 8 9 6 2 75 0 63 74 80 79 77 73 70 71 76 78 81 0 21 20 47 46 49 52 50 51 48 45 44 42 43 0 11 12 14 16 15 19 18 17 13 -1 -1 -1 -1 -1 -1 -1 -1 -1 -1 -1 -1 -1 -1 -1 -1 ] [ 877 -0 10 ] [ 0 0 0 ] # 0 # 0 - 
172) [ 41 40 59 60 58 56 53 54 55 57 0 24 31 35 37 38 39 36 30 28 22 0 10 23 26 27 29 34 33 32 25 0 1 99 100 97 93 92 94 95 96 98 0 90 87 86 83 82 84 85 88 89 91 0 67 65 62 72 61 64 68 66 69 0 5 7 3 4 8 9 6 2 75 0 63 74 80 79 77 73 70 71 76 78 81 0 21 20 47 46 49 52 50 51 48 45 44 42 43 0 11 12 14 16 15 19 18 17 13 -1 -1 -1 -1 -1 -1 -1 -1 -1 -1 -1 -1 -1 -1 -1 -1 ] [ 877 -0 10 ] [ 0 0 0 ] # 0 # 0 - 
173) [ 41 40 59 60 58 56 53 54 55 57 0 24 31 35 37 38 39 36 30 28 22 0 10 23 26 27 29 34 33 32 25 0 1 99 100 97 93 92 94 95 96 98 0 90 87 86 83 82 84 85 88 89 91 0 67 65 62 72 61 64 68 66 69 0 5 7 3 4 8 9 6 2 75 0 63 74 80 79 77 73 70 71 76 78 81 0 21 20 47 46 49 52 50 51 48 45 44 42 43 0 11 12 14 16 15 19 18 17 13 -1 -1 -1 -1 -1 -1 -1 -1 -1 -1 -1 -1 -1 -1 -1 -1 ] [ 877 -0 10 ] [ 0 0 0 ] # 0 # 0 - 
174) [ 41 40 59 60 58 56 53 54 55 57 0 24 31 35 37 38 39 36 30 28 22 0 10 23 26 27 29 34 33 32 25 0 1 99 100 97 93 92 94 95 96 98 0 90 87 86 83 82 84 85 88 89 91 0 67 65 62 72 61 64 68 66 69 0 5 7 3 4 8 9 6 2 75 0 63 74 80 79 77 73 70 71 76 78 81 0 21 20 47 46 49 52 50 51 48 45 44 42 43 0 11 12 14 16 15 19 18 17 13 -1 -1 -1 -1 -1 -1 -1 -1 -1 -1 -1 -1 -1 -1 -1 -1 ] [ 877 -0 10 ] [ 0 0 0 ] # 0 # 0 - 
175) [ 41 40 59 60 58 56 53 54 55 57 0 24 31 35 37 38 39 36 30 28 22 0 10 23 26 27 29 34 33 32 25 0 1 99 100 97 93 92 94 95 96 98 0 90 87 86 83 82 84 85 88 89 91 0 67 65 62 72 61 64 68 66 69 0 5 7 3 4 8 9 6 2 75 0 63 74 80 79 77 73 70 71 76 78 81 0 21 20 47 46 49 52 50 51 48 45 44 42 43 0 11 12 14 16 15 19 18 17 13 -1 -1 -1 -1 -1 -1 -1 -1 -1 -1 -1 -1 -1 -1 -1 -1 ] [ 877 -0 10 ] [ 0 0 0 ] # 0 # 0 - 
176) [ 41 40 59 60 58 56 53 54 55 57 0 24 31 35 37 38 39 36 30 28 22 0 10 23 26 27 29 34 33 32 25 0 1 99 100 97 93 92 94 95 96 98 0 90 87 86 83 82 84 85 88 89 91 0 67 65 62 72 61 64 68 66 69 0 5 7 3 4 8 9 6 2 75 0 63 74 80 79 77 73 70 71 76 78 81 0 21 20 47 46 49 52 50 51 48 45 44 42 43 0 11 12 14 16 15 19 18 17 13 -1 -1 -1 -1 -1 -1 -1 -1 -1 -1 -1 -1 -1 -1 -1 -1 ] [ 877 -0 10 ] [ 0 0 0 ] # 0 # 0 - 
177) [ 41 40 59 60 58 56 53 54 55 57 0 24 31 35 37 38 39 36 30 28 22 0 10 23 26 27 29 34 33 32 25 0 1 99 100 97 93 92 94 95 96 98 0 90 87 86 83 82 84 85 88 89 91 0 67 65 62 72 61 64 68 66 69 0 5 7 3 4 8 9 6 2 75 0 63 74 80 79 77 73 70 71 76 78 81 0 21 20 47 46 49 52 50 51 48 45 44 42 43 0 11 12 14 16 15 19 18 17 13 -1 -1 -1 -1 -1 -1 -1 -1 -1 -1 -1 -1 -1 -1 -1 -1 ] [ 877 -0 10 ] [ 0 0 0 ] # 0 # 0 - 
178) [ 41 40 59 60 58 56 53 54 55 57 0 24 31 35 37 38 39 36 30 28 22 0 10 23 26 27 29 34 33 32 25 0 1 99 100 97 93 92 94 95 96 98 0 90 87 86 83 82 84 85 88 89 91 0 67 65 62 72 61 64 68 66 69 0 5 7 3 4 8 9 6 2 75 0 63 74 80 79 77 73 70 71 76 78 81 0 21 20 47 46 49 52 50 51 48 45 44 42 43 0 11 12 14 16 15 19 18 17 13 -1 -1 -1 -1 -1 -1 -1 -1 -1 -1 -1 -1 -1 -1 -1 -1 ] [ 877 -0 10 ] [ 0 0 0 ] # 0 # 0 - 
179) [ 41 40 59 60 58 56 53 54 55 57 0 24 31 35 37 38 39 36 30 28 22 0 10 23 26 27 29 34 33 32 25 0 1 99 100 97 93 92 94 95 96 98 0 90 87 86 83 82 84 85 88 89 91 0 67 65 62 72 61 64 68 66 69 0 5 7 3 4 8 9 6 2 75 0 63 74 80 79 77 73 70 71 76 78 81 0 21 20 47 46 49 52 50 51 48 45 44 42 43 0 11 12 14 16 15 19 18 17 13 -1 -1 -1 -1 -1 -1 -1 -1 -1 -1 -1 -1 -1 -1 -1 -1 ] [ 877 -0 10 ] [ 0 0 0 ] # 0 # 0 - 
180) [ 41 40 59 60 58 56 53 54 55 57 0 24 31 35 37 38 39 36 30 28 22 0 10 23 26 27 29 34 33 32 25 0 1 99 100 97 93 92 94 95 96 98 0 90 87 86 83 82 84 85 88 89 91 0 67 65 62 72 61 64 68 66 69 0 5 7 3 4 8 9 6 2 75 0 63 74 80 79 77 73 70 71 76 78 81 0 21 20 47 46 49 52 50 51 48 45 44 42 43 0 11 12 14 16 15 19 18 17 13 -1 -1 -1 -1 -1 -1 -1 -1 -1 -1 -1 -1 -1 -1 -1 -1 ] [ 877 -0 10 ] [ 0 0 0 ] # 0 # 0 - 
181) [ 41 40 59 60 58 56 53 54 55 57 0 24 31 35 37 38 39 36 30 28 22 0 10 23 26 27 29 34 33 32 25 0 1 99 100 97 93 92 94 95 96 98 0 90 87 86 83 82 84 85 88 89 91 0 67 65 62 72 61 64 68 66 69 0 5 7 3 4 8 9 6 2 75 0 63 74 80 79 77 73 70 71 76 78 81 0 21 20 47 46 49 52 50 51 48 45 44 42 43 0 11 12 14 16 15 19 18 17 13 -1 -1 -1 -1 -1 -1 -1 -1 -1 -1 -1 -1 -1 -1 -1 -1 ] [ 877 -0 10 ] [ 0 0 0 ] # 0 # 0 - 
182) [ 41 40 59 60 58 56 53 54 55 57 0 24 31 35 37 38 39 36 30 28 22 0 10 23 26 27 29 34 33 32 25 0 1 99 100 97 93 92 94 95 96 98 0 90 87 86 83 82 84 85 88 89 91 0 67 65 62 72 61 64 68 66 69 0 5 7 3 4 8 9 6 2 75 0 63 74 80 79 77 73 70 71 76 78 81 0 21 20 47 46 49 52 50 51 48 45 44 42 43 0 11 12 14 16 15 19 18 17 13 -1 -1 -1 -1 -1 -1 -1 -1 -1 -1 -1 -1 -1 -1 -1 -1 ] [ 877 -0 10 ] [ 0 0 0 ] # 0 # 0 - 
183) [ 41 40 59 60 58 56 53 54 55 57 0 24 31 35 37 38 39 36 30 28 22 0 10 23 26 27 29 34 33 32 25 0 1 99 100 97 93 92 94 95 96 98 0 90 87 86 83 82 84 85 88 89 91 0 67 65 62 72 61 64 68 66 69 0 5 7 3 4 8 9 6 2 75 0 63 74 80 79 77 73 70 71 76 78 81 0 21 20 47 46 49 52 50 51 48 45 44 42 43 0 11 12 14 16 15 19 18 17 13 -1 -1 -1 -1 -1 -1 -1 -1 -1 -1 -1 -1 -1 -1 -1 -1 ] [ 877 -0 10 ] [ 0 0 0 ] # 0 # 0 - 
184) [ 41 40 59 60 58 56 53 54 55 57 0 24 31 35 37 38 39 36 30 28 22 0 10 23 26 27 29 34 33 32 25 0 1 99 100 97 93 92 94 95 96 98 0 90 87 86 83 82 84 85 88 89 91 0 67 65 62 72 61 64 68 66 69 0 5 7 3 4 8 9 6 2 75 0 63 74 80 79 77 73 70 71 76 78 81 0 21 20 47 46 49 52 50 51 48 45 44 42 43 0 11 12 14 16 15 19 18 17 13 -1 -1 -1 -1 -1 -1 -1 -1 -1 -1 -1 -1 -1 -1 -1 -1 ] [ 877 -0 10 ] [ 0 0 0 ] # 0 # 0 - 
185) [ 41 40 59 60 58 56 53 54 55 57 0 24 31 35 37 38 39 36 30 28 22 0 10 23 26 27 29 34 33 32 25 0 1 99 100 97 93 92 94 95 96 98 0 90 87 86 83 82 84 85 88 89 91 0 67 65 62 72 61 64 68 66 69 0 5 7 3 4 8 9 6 2 75 0 63 74 80 79 77 73 70 71 76 78 81 0 21 20 47 46 49 52 50 51 48 45 44 42 43 0 11 12 14 16 15 19 18 17 13 -1 -1 -1 -1 -1 -1 -1 -1 -1 -1 -1 -1 -1 -1 -1 -1 ] [ 877 -0 10 ] [ 0 0 0 ] # 0 # 0 - 
186) [ 41 40 59 60 58 56 53 54 55 57 0 24 31 35 37 38 39 36 30 28 22 0 10 23 26 27 29 34 33 32 25 0 1 99 100 97 93 92 94 95 96 98 0 90 87 86 83 82 84 85 88 89 91 0 67 65 62 72 61 64 68 66 69 0 5 7 3 4 8 9 6 2 75 0 63 74 80 79 77 73 70 71 76 78 81 0 21 20 47 46 49 52 50 51 48 45 44 42 43 0 11 12 14 16 15 19 18 17 13 -1 -1 -1 -1 -1 -1 -1 -1 -1 -1 -1 -1 -1 -1 -1 -1 ] [ 877 -0 10 ] [ 0 0 0 ] # 0 # 0 - 
187) [ 41 40 59 60 58 56 53 54 55 57 0 24 31 35 37 38 39 36 30 28 22 0 10 23 26 27 29 34 33 32 25 0 1 99 100 97 93 92 94 95 96 98 0 90 87 86 83 82 84 85 88 89 91 0 67 65 62 72 61 64 68 66 69 0 5 7 3 4 8 9 6 2 75 0 63 74 80 79 77 73 70 71 76 78 81 0 21 20 47 46 49 52 50 51 48 45 44 42 43 0 11 12 14 16 15 19 18 17 13 -1 -1 -1 -1 -1 -1 -1 -1 -1 -1 -1 -1 -1 -1 -1 -1 ] [ 877 -0 10 ] [ 0 0 0 ] # 0 # 0 - 
188) [ 41 40 59 60 58 56 53 54 55 57 0 24 31 35 37 38 39 36 30 28 22 0 10 23 26 27 29 34 33 32 25 0 1 99 100 97 93 92 94 95 96 98 0 90 87 86 83 82 84 85 88 89 91 0 67 65 62 72 61 64 68 66 69 0 5 7 3 4 8 9 6 2 75 0 63 74 80 79 77 73 70 71 76 78 81 0 21 20 47 46 49 52 50 51 48 45 44 42 43 0 11 12 14 16 15 19 18 17 13 -1 -1 -1 -1 -1 -1 -1 -1 -1 -1 -1 -1 -1 -1 -1 -1 ] [ 877 -0 10 ] [ 0 0 0 ] # 0 # 0 - 
189) [ 41 40 59 60 58 56 53 54 55 57 0 24 31 35 37 38 39 36 30 28 22 0 10 23 26 27 29 34 33 32 25 0 1 99 100 97 93 92 94 95 96 98 0 90 87 86 83 82 84 85 88 89 91 0 67 65 62 72 61 64 68 66 69 0 5 7 3 4 8 9 6 2 75 0 63 74 80 79 77 73 70 71 76 78 81 0 21 20 47 46 49 52 50 51 48 45 44 42 43 0 11 12 14 16 15 19 18 17 13 -1 -1 -1 -1 -1 -1 -1 -1 -1 -1 -1 -1 -1 -1 -1 -1 ] [ 877 -0 10 ] [ 0 0 0 ] # 0 # 0 - 
190) [ 41 40 59 60 58 56 53 54 55 57 0 24 31 35 37 38 39 36 30 28 22 0 10 23 26 27 29 34 33 32 25 0 1 99 100 97 93 92 94 95 96 98 0 90 87 86 83 82 84 85 88 89 91 0 67 65 62 72 61 64 68 66 69 0 5 7 3 4 8 9 6 2 75 0 63 74 80 79 77 73 70 71 76 78 81 0 21 20 47 46 49 52 50 51 48 45 44 42 43 0 11 12 14 16 15 19 18 17 13 -1 -1 -1 -1 -1 -1 -1 -1 -1 -1 -1 -1 -1 -1 -1 -1 ] [ 877 -0 10 ] [ 0 0 0 ] # 0 # 0 - 
191) [ 41 40 59 60 58 56 53 54 55 57 0 24 31 35 37 38 39 36 30 28 22 0 10 23 26 27 29 34 33 32 25 0 1 99 100 97 93 92 94 95 96 98 0 90 87 86 83 82 84 85 88 89 91 0 67 65 62 72 61 64 68 66 69 0 5 7 3 4 8 9 6 2 75 0 63 74 80 79 77 73 70 71 76 78 81 0 21 20 47 46 49 52 50 51 48 45 44 42 43 0 11 12 14 16 15 19 18 17 13 -1 -1 -1 -1 -1 -1 -1 -1 -1 -1 -1 -1 -1 -1 -1 -1 ] [ 877 -0 10 ] [ 0 0 0 ] # 0 # 0 - 
192) [ 41 40 59 60 58 56 53 54 55 57 0 24 31 35 37 38 39 36 30 28 22 0 10 23 26 27 29 34 33 32 25 0 1 99 100 97 93 92 94 95 96 98 0 90 87 86 83 82 84 85 88 89 91 0 67 65 62 72 61 64 68 66 69 0 5 7 3 4 8 9 6 2 75 0 63 74 80 79 77 73 70 71 76 78 81 0 21 20 47 46 49 52 50 51 48 45 44 42 43 0 11 12 14 16 15 19 18 17 13 -1 -1 -1 -1 -1 -1 -1 -1 -1 -1 -1 -1 -1 -1 -1 -1 ] [ 877 -0 10 ] [ 0 0 0 ] # 0 # 0 - 
193) [ 41 40 59 60 58 56 53 54 55 57 0 24 31 35 37 38 39 36 30 28 22 0 10 23 26 27 29 34 33 32 25 0 1 99 100 97 93 92 94 95 96 98 0 90 87 86 83 82 84 85 88 89 91 0 67 65 62 72 61 64 68 66 69 0 5 7 3 4 8 9 6 2 75 0 63 74 80 79 77 73 70 71 76 78 81 0 21 20 47 46 49 52 50 51 48 45 44 42 43 0 11 12 14 16 15 19 18 17 13 -1 -1 -1 -1 -1 -1 -1 -1 -1 -1 -1 -1 -1 -1 -1 -1 ] [ 877 -0 10 ] [ 0 0 0 ] # 0 # 0 - 
194) [ 41 40 59 60 58 56 53 54 55 57 0 24 31 35 37 38 39 36 30 28 22 0 10 23 26 27 29 34 33 32 25 0 1 99 100 97 93 92 94 95 96 98 0 90 87 86 83 82 84 85 88 89 91 0 67 65 62 72 61 64 68 66 69 0 5 7 3 4 8 9 6 2 75 0 63 74 80 79 77 73 70 71 76 78 81 0 21 20 47 46 49 52 50 51 48 45 44 42 43 0 11 12 14 16 15 19 18 17 13 -1 -1 -1 -1 -1 -1 -1 -1 -1 -1 -1 -1 -1 -1 -1 -1 ] [ 877 -0 10 ] [ 0 0 0 ] # 0 # 0 - 
195) [ 41 40 59 60 58 56 53 54 55 57 0 24 31 35 37 38 39 36 30 28 22 0 10 23 26 27 29 34 33 32 25 0 1 99 100 97 93 92 94 95 96 98 0 90 87 86 83 82 84 85 88 89 91 0 67 65 62 72 61 64 68 66 69 0 5 7 3 4 8 9 6 2 75 0 63 74 80 79 77 73 70 71 76 78 81 0 21 20 47 46 49 52 50 51 48 45 44 42 43 0 11 12 14 16 15 19 18 17 13 -1 -1 -1 -1 -1 -1 -1 -1 -1 -1 -1 -1 -1 -1 -1 -1 ] [ 877 -0 10 ] [ 0 0 0 ] # 0 # 0 - 
196) [ 41 40 59 60 58 56 53 54 55 57 0 24 31 35 37 38 39 36 30 28 22 0 10 23 26 27 29 34 33 32 25 0 1 99 100 97 93 92 94 95 96 98 0 90 87 86 83 82 84 85 88 89 91 0 67 65 62 72 61 64 68 66 69 0 5 7 3 4 8 9 6 2 75 0 63 74 80 79 77 73 70 71 76 78 81 0 21 20 47 46 49 52 50 51 48 45 44 42 43 0 11 12 14 16 15 19 18 17 13 -1 -1 -1 -1 -1 -1 -1 -1 -1 -1 -1 -1 -1 -1 -1 -1 ] [ 877 -0 10 ] [ 0 0 0 ] # 0 # 0 - 
197) [ 41 40 59 60 58 56 53 54 55 57 0 24 31 35 37 38 39 36 30 28 22 0 10 23 26 27 29 34 33 32 25 0 1 99 100 97 93 92 94 95 96 98 0 90 87 86 83 82 84 85 88 89 91 0 67 65 62 72 61 64 68 66 69 0 5 7 3 4 8 9 6 2 75 0 63 74 80 79 77 73 70 71 76 78 81 0 21 20 47 46 49 52 50 51 48 45 44 42 43 0 11 12 14 16 15 19 18 17 13 -1 -1 -1 -1 -1 -1 -1 -1 -1 -1 -1 -1 -1 -1 -1 -1 ] [ 877 -0 10 ] [ 0 0 0 ] # 0 # 0 - 
198) [ 41 40 59 60 58 56 53 54 55 57 0 24 31 35 37 38 39 36 30 28 22 0 10 23 26 27 29 34 33 32 25 0 1 99 100 97 93 92 94 95 96 98 0 90 87 86 83 82 84 85 88 89 91 0 67 65 62 72 61 64 68 66 69 0 5 7 3 4 8 9 6 2 75 0 63 74 80 79 77 73 70 71 76 78 81 0 21 20 47 46 49 52 50 51 48 45 44 42 43 0 11 12 14 16 15 19 18 17 13 -1 -1 -1 -1 -1 -1 -1 -1 -1 -1 -1 -1 -1 -1 -1 -1 ] [ 877 -0 10 ] [ 0 0 0 ] # 0 # 0 - 
199) [ 41 40 59 60 58 56 53 54 55 57 0 24 31 35 37 38 39 36 30 28 22 0 10 23 26 27 29 34 33 32 25 0 1 99 100 97 93 92 94 95 96 98 0 90 87 86 83 82 84 85 88 89 91 0 67 65 62 72 61 64 68 66 69 0 5 7 3 4 8 9 6 2 75 0 63 74 80 79 77 73 70 71 76 78 81 0 21 20 47 46 49 52 50 51 48 45 44 42 43 0 11 12 14 16 15 19 18 17 13 -1 -1 -1 -1 -1 -1 -1 -1 -1 -1 -1 -1 -1 -1 -1 -1 ] [ 877 -0 10 ] [ 0 0 0 ] # 0 # 0 - 
200) [ 41 40 59 60 58 56 53 54 55 57 0 24 31 35 37 38 39 36 30 28 22 0 10 23 26 27 29 34 33 32 25 0 1 99 100 97 93 92 94 95 96 98 0 90 87 86 83 82 84 85 88 89 91 0 67 65 62 72 61 64 68 66 69 0 5 7 3 4 8 9 6 2 75 0 63 74 80 79 77 73 70 71 76 78 81 0 21 20 47 46 49 52 50 51 48 45 44 42 43 0 11 12 14 16 15 19 18 17 13 -1 -1 -1 -1 -1 -1 -1 -1 -1 -1 -1 -1 -1 -1 -1 -1 ] [ 877 -0 10 ] [ 0 0 0 ] # 0 # 0 - 