20
1) [ 30 16 12 4 5 20 0 2 23 29 9 10 3 28 8 0 25 15 22 6 11 18 0 24 14 26 27 1 0 7 17 13 31 21 19 -1 ] [ 1435 -0 ] [ 0 0 ] # 0 # 0 - 
2) [ 25 22 5 20 27 15 0 29 8 10 9 18 3 28 19 0 4 11 14 1 16 24 0 26 13 17 31 12 0 21 7 30 23 2 6 -1 ] [ 1517 -0 ] [ 0 0 ] # 0 # 0 - 
3) [ 16 12 2 23 9 10 0 20 3 8 6 5 11 25 15 0 29 28 22 4 18 14 0 24 27 26 7 1 0 17 31 21 13 30 19 -1 ] [ 1527 -0 ] [ 0 0 ] # 0 # 0 - 
4) [ 1 3 2 20 4 18 0 28 23 11 8 29 9 17 26 0 19 13 31 21 16 7 0 30 12 15 25 22 0 27 6 24 5 10 14 -1 ] [ 1569 -0 ] [ 0 0 ] # 0 # 0 - 
5) [ 16 12 5 20 2 23 0 4 29 10 18 9 3 8 25 0 28 22 6 15 11 24 0 14 26 27 7 17 0 1 13 21 19 31 30 -1 ] [ 1590 -0 ] [ 0 0 ] # 0 # 0 - 
6) [ 13 5 11 25 15 29 0 20 8 9 18 3 28 19 22 0 10 14 4 27 26 24 0 1 17 7 31 21 0 30 16 12 2 23 6 -1 ] [ 1661 -0 ] [ 0 0 ] # 0 # 0 - 
7) [ 22 25 27 5 15 6 0 8 29 10 9 18 28 3 19 0 11 14 1 16 24 26 0 4 17 13 12 21 0 7 31 23 2 30 20 -1 ] [ 1675 -0 ] [ 0 0 ] # 0 # 0 - 
8) [ 21 30 12 5 4 29 0 9 20 10 3 8 25 15 22 0 28 18 24 14 11 27 0 26 1 17 13 7 0 31 19 23 2 6 16 -1 ] [ 1680 -0 ] [ 0 0 ] # 0 # 0 - 
9) [ 27 18 28 9 19 20 0 3 8 6 5 11 10 25 15 0 14 4 1 16 24 26 0 17 13 31 12 21 0 7 30 2 23 22 29 -1 ] [ 1690 -0 ] [ 0 0 ] # 0 # 0 - 
10) [ 5 29 15 8 9 20 0 18 3 19 28 10 4 27 26 0 11 22 14 1 16 24 0 17 7 31 30 12 0 21 2 6 23 13 25 -1 ] [ 1702 -0 ] [ 0 0 ] # 0 # 0 - 
11) [ 16 12 17 5 4 20 0 2 23 29 10 3 9 28 25 0 15 8 6 22 11 18 0 24 31 13 21 7 0 30 19 14 27 26 1 -1 ] [ 1703 -0 ] [ 0 0 ] # 0 # 0 - 
12) [ 12 30 23 20 10 18 0 29 4 3 25 8 22 28 9 0 15 6 11 14 24 27 0 26 7 17 21 1 0 19 13 31 16 5 2 -1 ] [ 1751 -0 ] [ 0 0 ] # 0 # 0 - 
13) [ 8 5 20 29 15 27 0 6 11 18 9 3 24 10 14 0 17 1 13 26 19 30 0 31 12 7 4 21 0 16 2 23 25 22 28 -1 ] [ 1752 -0 ] [ 0 0 ] # 0 # 0 - 
14) [ 5 22 27 25 15 8 0 20 18 10 9 29 19 3 11 0 14 4 24 16 26 1 0 13 17 21 7 12 0 23 31 28 6 30 2 -1 ] [ 1768 -0 ] [ 0 0 ] # 0 # 0 - 
15) [ 10 15 25 5 20 3 0 9 29 18 28 1 6 14 4 0 22 26 24 13 11 27 0 7 17 31 19 21 0 23 30 16 12 8 2 -1 ] [ 1774 -0 ] [ 0 0 ] # 0 # 0 - 
16) [ 8 5 20 15 3 9 0 18 29 27 11 6 10 24 30 0 17 14 1 13 19 26 0 31 7 16 12 21 0 4 23 2 28 22 25 -1 ] [ 1775 -0 ] [ 0 0 ] # 0 # 0 - 
17) [ 8 5 20 15 29 27 0 11 6 10 18 9 3 24 30 0 14 17 1 13 26 19 0 7 31 12 21 4 0 16 2 28 22 23 25 -1 ] [ 1790 -0 ] [ 0 0 ] # 0 # 0 - 
18) [ 29 9 28 3 8 22 0 18 27 5 11 6 10 25 14 0 4 15 1 16 26 17 0 13 24 31 21 12 0 30 2 23 7 20 19 -1 ] [ 1808 -0 ] [ 0 0 ] # 0 # 0 - 
19) [ 4 18 11 25 12 29 0 5 22 10 3 17 19 9 26 0 31 21 13 7 16 6 0 24 30 27 15 1 0 14 2 20 28 23 8 -1 ] [ 1830 -0 ] [ 0 0 ] # 0 # 0 - 
20) [ 8 22 25 9 4 20 0 1 29 27 18 6 11 10 16 0 24 14 28 26 17 7 0 31 19 23 2 21 0 13 12 5 30 3 15 -1 ] [ 1850 -0 ] [ 0 0 ] # 0 # 0 - 