optimo: configuración
====================================================================================================
#Algorithm miGenetico

//parámetros
#MAX_GENERATIONS 10000
#N 100

 

#Problem-Instance _INPUT-CVRP/instancia_simple_CVRP.txt


#mutation ScrambleMutation
#ScrambleMutation-probability 0.8

 


#selection RandomSelection
#crossover OxCrossover
#repair CVRP_Repair 
#improvement LocalSearch
#BestImprovement 0
#Iteraciones-sin-mejora 1


=====================================================================================================

200
1) [ 6 2 3 23 4 11 28 14 0 21 31 19 17 13 7 26 0 12 1 16 30 0 24 27 0 20 5 25 10 15 22 9 8 18 29 -1 ] [ 784 -0 ] [ 0 0 ] # 0 # 0 - 
2) [ 6 3 2 23 4 11 28 14 0 21 31 19 17 13 7 26 0 12 1 16 30 0 24 27 0 20 5 25 10 15 22 9 8 18 29 -1 ] [ 784 -0 ] [ 0 0 ] # 0 # 0 - 
3) [ 6 2 3 23 4 11 28 14 0 12 1 16 30 0 21 31 19 17 13 7 26 0 24 27 0 20 5 25 10 15 22 9 8 18 29 -1 ] [ 784 -0 ] [ 0 0 ] # 0 # 0 - 
4) [ 6 3 2 23 4 11 28 14 0 21 31 19 17 13 7 26 0 12 1 16 30 0 24 27 0 29 18 8 9 22 15 10 25 5 20 -1 ] [ 784 -0 ] [ 0 0 ] # 0 # 0 - 
5) [ 6 3 2 23 4 11 28 14 0 21 31 19 17 13 7 26 0 12 1 16 30 0 24 27 0 20 5 25 10 15 22 9 8 18 29 -1 ] [ 784 -0 ] [ 0 0 ] # 0 # 0 - 
6) [ 6 2 3 23 4 11 28 14 0 21 31 19 17 13 7 26 0 12 1 16 30 0 24 27 0 20 5 25 10 15 22 9 8 18 29 -1 ] [ 784 -0 ] [ 0 0 ] # 0 # 0 - 
7) [ 6 2 3 23 4 11 28 14 0 21 31 19 17 13 7 26 0 12 1 16 30 0 24 27 0 20 5 25 10 15 22 9 8 18 29 -1 ] [ 784 -0 ] [ 0 0 ] # 0 # 0 - 
8) [ 6 2 3 23 4 11 28 14 0 21 31 19 17 13 7 26 0 30 16 1 12 0 24 27 0 20 5 25 10 15 22 9 8 18 29 -1 ] [ 784 -0 ] [ 0 0 ] # 0 # 0 - 
9) [ 14 28 11 4 23 3 2 6 0 21 31 19 17 13 7 26 0 12 1 16 30 0 24 27 0 20 5 25 10 15 22 9 8 18 29 -1 ] [ 784 -0 ] [ 0 0 ] # 0 # 0 - 
10) [ 6 2 3 23 4 11 28 14 0 21 31 19 17 13 7 26 0 12 1 16 30 0 24 27 0 20 5 25 10 15 22 9 8 18 29 -1 ] [ 784 -0 ] [ 0 0 ] # 0 # 0 - 
11) [ 6 2 3 23 4 11 28 14 0 21 31 19 17 13 7 26 0 12 1 16 30 0 27 24 0 20 5 25 10 15 22 9 8 18 29 -1 ] [ 784 -0 ] [ 0 0 ] # 0 # 0 - 
12) [ 6 3 2 23 4 11 28 14 0 21 31 19 17 13 7 26 0 12 1 16 30 0 24 27 0 20 5 25 10 15 22 9 8 18 29 -1 ] [ 784 -0 ] [ 0 0 ] # 0 # 0 - 
13) [ 14 28 11 4 23 3 2 6 0 21 31 19 17 13 7 26 0 12 1 16 30 0 24 27 0 20 5 25 10 15 22 9 8 18 29 -1 ] [ 784 -0 ] [ 0 0 ] # 0 # 0 - 
14) [ 6 3 2 23 4 11 28 14 0 21 31 19 17 13 7 26 0 30 16 1 12 0 24 27 0 29 18 8 9 22 15 10 25 5 20 -1 ] [ 784 -0 ] [ 0 0 ] # 0 # 0 - 
15) [ 14 28 11 4 23 3 2 6 0 21 31 19 17 13 7 26 0 12 1 16 30 0 24 27 0 20 5 25 10 15 22 9 8 18 29 -1 ] [ 784 -0 ] [ 0 0 ] # 0 # 0 - 
16) [ 14 28 11 4 23 3 2 6 0 21 31 19 17 13 7 26 0 12 1 16 30 0 27 24 0 20 5 25 10 15 22 9 8 18 29 -1 ] [ 784 -0 ] [ 0 0 ] # 0 # 0 - 
17) [ 6 3 2 23 4 11 28 14 0 21 31 19 17 13 7 26 0 12 1 16 30 0 24 27 0 20 5 25 10 15 22 9 8 18 29 -1 ] [ 784 -0 ] [ 0 0 ] # 0 # 0 - 
18) [ 6 3 2 23 4 11 28 14 0 21 31 19 17 13 7 26 0 12 1 16 30 0 24 27 0 20 5 25 10 15 22 9 8 18 29 -1 ] [ 784 -0 ] [ 0 0 ] # 0 # 0 - 
19) [ 6 3 2 23 4 11 28 14 0 26 7 13 17 19 31 21 0 12 1 16 30 0 24 27 0 20 5 25 10 15 22 9 8 18 29 -1 ] [ 784 -0 ] [ 0 0 ] # 0 # 0 - 
20) [ 14 28 11 4 23 2 3 6 0 21 31 19 17 13 7 26 0 12 1 16 30 0 24 27 0 20 5 25 10 15 22 9 8 18 29 -1 ] [ 784 -0 ] [ 0 0 ] # 0 # 0 - 
21) [ 14 28 11 4 23 3 2 6 0 21 31 19 17 13 7 26 0 12 1 16 30 0 27 24 0 20 5 25 10 15 22 9 8 18 29 -1 ] [ 784 -0 ] [ 0 0 ] # 0 # 0 - 
22) [ 6 2 3 23 4 11 28 14 0 21 31 19 17 13 7 26 0 12 1 16 30 0 24 27 0 20 5 25 10 15 22 9 8 18 29 -1 ] [ 784 -0 ] [ 0 0 ] # 0 # 0 - 
23) [ 14 28 11 4 23 3 2 6 0 21 31 19 17 13 7 26 0 30 16 1 12 0 24 27 0 20 5 25 10 15 22 9 8 18 29 -1 ] [ 784 -0 ] [ 0 0 ] # 0 # 0 - 
24) [ 14 28 11 4 23 3 2 6 0 21 31 19 17 13 7 26 0 12 1 16 30 0 27 24 0 20 5 25 10 15 22 9 8 18 29 -1 ] [ 784 -0 ] [ 0 0 ] # 0 # 0 - 
25) [ 14 28 11 4 23 2 3 6 0 21 31 19 17 13 7 26 0 30 16 1 12 0 24 27 0 20 5 25 10 15 22 9 8 18 29 -1 ] [ 784 -0 ] [ 0 0 ] # 0 # 0 - 
26) [ 14 28 11 4 23 3 2 6 0 21 31 19 17 13 7 26 0 12 1 16 30 0 24 27 0 20 5 25 10 15 22 9 8 18 29 -1 ] [ 784 -0 ] [ 0 0 ] # 0 # 0 - 
27) [ 6 3 2 23 4 11 28 14 0 21 31 19 17 13 7 26 0 12 1 16 30 0 24 27 0 20 5 25 10 15 22 9 8 18 29 -1 ] [ 784 -0 ] [ 0 0 ] # 0 # 0 - 
28) [ 6 3 2 23 4 11 28 14 0 21 31 19 17 13 7 26 0 12 1 16 30 0 24 27 0 29 18 8 9 22 15 10 25 5 20 -1 ] [ 784 -0 ] [ 0 0 ] # 0 # 0 - 
29) [ 14 28 11 4 23 3 2 6 0 21 31 19 17 13 7 26 0 12 1 16 30 0 24 27 0 20 5 25 10 15 22 9 8 18 29 -1 ] [ 784 -0 ] [ 0 0 ] # 0 # 0 - 
30) [ 6 2 3 23 4 11 28 14 0 21 31 19 17 13 7 26 0 12 1 16 30 0 24 27 0 20 5 25 10 15 22 9 8 18 29 -1 ] [ 784 -0 ] [ 0 0 ] # 0 # 0 - 
31) [ 6 3 2 23 4 11 28 14 0 21 31 19 17 13 7 26 0 12 1 16 30 0 24 27 0 20 5 25 10 15 22 9 8 18 29 -1 ] [ 784 -0 ] [ 0 0 ] # 0 # 0 - 
32) [ 6 3 2 23 4 11 28 14 0 21 31 19 17 13 7 26 0 12 1 16 30 0 24 27 0 20 5 25 10 15 22 9 8 18 29 -1 ] [ 784 -0 ] [ 0 0 ] # 0 # 0 - 
33) [ 6 3 2 23 4 11 28 14 0 21 31 19 17 13 7 26 0 12 1 16 30 0 24 27 0 20 5 25 10 15 22 9 8 18 29 -1 ] [ 784 -0 ] [ 0 0 ] # 0 # 0 - 
34) [ 14 28 11 4 23 3 2 6 0 21 31 19 17 13 7 26 0 12 1 16 30 0 27 24 0 20 5 25 10 15 22 9 8 18 29 -1 ] [ 784 -0 ] [ 0 0 ] # 0 # 0 - 
35) [ 6 2 3 23 4 11 28 14 0 21 31 19 17 13 7 26 0 12 1 16 30 0 24 27 0 20 5 25 10 15 22 9 8 18 29 -1 ] [ 784 -0 ] [ 0 0 ] # 0 # 0 - 
36) [ 6 3 2 23 4 11 28 14 0 21 31 19 17 13 7 26 0 30 16 1 12 0 24 27 0 20 5 25 10 15 22 9 8 18 29 -1 ] [ 784 -0 ] [ 0 0 ] # 0 # 0 - 
37) [ 14 28 11 4 23 3 2 6 0 21 31 19 17 13 7 26 0 30 16 1 12 0 24 27 0 20 5 25 10 15 22 9 8 18 29 -1 ] [ 784 -0 ] [ 0 0 ] # 0 # 0 - 
38) [ 6 3 2 23 4 11 28 14 0 21 31 19 17 13 7 26 0 12 1 16 30 0 24 27 0 20 5 25 10 15 22 9 8 18 29 -1 ] [ 784 -0 ] [ 0 0 ] # 0 # 0 - 
39) [ 14 28 11 4 23 3 2 6 0 21 31 19 17 13 7 26 0 30 16 1 12 0 24 27 0 20 5 25 10 15 22 9 8 18 29 -1 ] [ 784 -0 ] [ 0 0 ] # 0 # 0 - 
40) [ 6 3 2 23 4 11 28 14 0 21 31 19 17 13 7 26 0 30 16 1 12 0 27 24 0 20 5 25 10 15 22 9 8 18 29 -1 ] [ 784 -0 ] [ 0 0 ] # 0 # 0 - 
41) [ 6 2 3 23 4 11 28 14 0 21 31 19 17 13 7 26 0 12 1 16 30 0 24 27 0 20 5 25 10 15 22 9 8 18 29 -1 ] [ 784 -0 ] [ 0 0 ] # 0 # 0 - 
42) [ 6 2 3 23 4 11 28 14 0 21 31 19 17 13 7 26 0 12 1 16 30 0 27 24 0 29 18 8 9 22 15 10 25 5 20 -1 ] [ 784 -0 ] [ 0 0 ] # 0 # 0 - 
43) [ 6 2 3 23 4 11 28 14 0 21 31 19 17 13 7 26 0 30 16 1 12 0 27 24 0 20 5 25 10 15 22 9 8 18 29 -1 ] [ 784 -0 ] [ 0 0 ] # 0 # 0 - 
44) [ 14 28 11 4 23 3 2 6 0 21 31 19 17 13 7 26 0 30 16 1 12 0 24 27 0 20 5 25 10 15 22 9 8 18 29 -1 ] [ 784 -0 ] [ 0 0 ] # 0 # 0 - 
45) [ 14 28 11 4 23 3 2 6 0 21 31 19 17 13 7 26 0 12 1 16 30 0 24 27 0 20 5 25 10 15 22 9 8 18 29 -1 ] [ 784 -0 ] [ 0 0 ] # 0 # 0 - 
46) [ 14 28 11 4 23 3 2 6 0 21 31 19 17 13 7 26 0 12 1 16 30 0 24 27 0 20 5 25 10 15 22 9 8 18 29 -1 ] [ 784 -0 ] [ 0 0 ] # 0 # 0 - 
47) [ 6 2 3 23 4 11 28 14 0 21 31 19 17 13 7 26 0 12 1 16 30 0 24 27 0 20 5 25 10 15 22 9 8 18 29 -1 ] [ 784 -0 ] [ 0 0 ] # 0 # 0 - 
48) [ 14 28 11 4 23 3 2 6 0 21 31 19 17 13 7 26 0 12 1 16 30 0 27 24 0 20 5 25 10 15 22 9 8 18 29 -1 ] [ 784 -0 ] [ 0 0 ] # 0 # 0 - 
49) [ 14 28 11 4 23 3 2 6 0 21 31 19 17 13 7 26 0 30 16 1 12 0 24 27 0 20 5 25 10 15 22 9 8 18 29 -1 ] [ 784 -0 ] [ 0 0 ] # 0 # 0 - 
50) [ 14 28 11 4 23 3 2 6 0 21 31 19 17 13 7 26 0 12 1 16 30 0 24 27 0 20 5 25 10 15 22 9 8 18 29 -1 ] [ 784 -0 ] [ 0 0 ] # 0 # 0 - 
51) [ 14 28 11 4 23 3 2 6 0 21 31 19 17 13 7 26 0 12 1 16 30 0 24 27 0 20 5 25 10 15 22 9 8 18 29 -1 ] [ 784 -0 ] [ 0 0 ] # 0 # 0 - 
52) [ 6 3 2 23 4 11 28 14 0 21 31 19 17 13 7 26 0 12 1 16 30 0 24 27 0 20 5 25 10 15 22 9 8 18 29 -1 ] [ 784 -0 ] [ 0 0 ] # 0 # 0 - 
53) [ 14 28 11 4 23 3 2 6 0 21 31 19 17 13 7 26 0 12 1 16 30 0 24 27 0 20 5 25 10 15 22 9 8 18 29 -1 ] [ 784 -0 ] [ 0 0 ] # 0 # 0 - 
54) [ 14 28 11 4 23 3 2 6 0 21 31 19 17 13 7 26 0 12 1 16 30 0 27 24 0 20 5 25 10 15 22 9 8 18 29 -1 ] [ 784 -0 ] [ 0 0 ] # 0 # 0 - 
55) [ 14 28 11 4 23 2 3 6 0 21 31 19 17 13 7 26 0 30 16 1 12 0 24 27 0 20 5 25 10 15 22 9 8 18 29 -1 ] [ 784 -0 ] [ 0 0 ] # 0 # 0 - 
56) [ 14 28 11 4 23 3 2 6 0 21 31 19 17 13 7 26 0 12 1 16 30 0 24 27 0 20 5 25 10 15 22 9 8 18 29 -1 ] [ 784 -0 ] [ 0 0 ] # 0 # 0 - 
57) [ 6 3 2 23 4 11 28 14 0 21 31 19 17 13 7 26 0 12 1 16 30 0 24 27 0 20 5 25 10 15 22 9 8 18 29 -1 ] [ 784 -0 ] [ 0 0 ] # 0 # 0 - 
58) [ 6 3 2 23 4 11 28 14 0 21 31 19 17 13 7 26 0 12 1 16 30 0 27 24 0 20 5 25 10 15 22 9 8 18 29 -1 ] [ 784 -0 ] [ 0 0 ] # 0 # 0 - 
59) [ 6 2 3 23 4 11 28 14 0 21 31 19 17 13 7 26 0 12 1 16 30 0 24 27 0 20 5 25 10 15 22 9 8 18 29 -1 ] [ 784 -0 ] [ 0 0 ] # 0 # 0 - 
60) [ 14 28 11 4 23 3 2 6 0 21 31 19 17 13 7 26 0 30 16 1 12 0 24 27 0 20 5 25 10 15 22 9 8 18 29 -1 ] [ 784 -0 ] [ 0 0 ] # 0 # 0 - 
61) [ 6 2 3 23 4 11 28 14 0 21 31 19 17 13 7 26 0 12 1 16 30 0 24 27 0 20 5 25 10 15 22 9 8 18 29 -1 ] [ 784 -0 ] [ 0 0 ] # 0 # 0 - 
62) [ 14 28 11 4 23 2 3 6 0 21 31 19 17 13 7 26 0 12 1 16 30 0 24 27 0 20 5 25 10 15 22 9 8 18 29 -1 ] [ 784 -0 ] [ 0 0 ] # 0 # 0 - 
63) [ 14 28 11 4 23 3 2 6 0 21 31 19 17 13 7 26 0 12 1 16 30 0 24 27 0 20 5 25 10 15 22 9 8 18 29 -1 ] [ 784 -0 ] [ 0 0 ] # 0 # 0 - 
64) [ 6 2 3 23 4 11 28 14 0 26 7 13 17 19 31 21 0 12 1 16 30 0 27 24 0 20 5 25 10 15 22 9 8 18 29 -1 ] [ 784 -0 ] [ 0 0 ] # 0 # 0 - 
65) [ 6 3 2 23 4 11 28 14 0 21 31 19 17 13 7 26 0 12 1 16 30 0 27 24 0 29 18 8 9 22 15 10 25 5 20 -1 ] [ 784 -0 ] [ 0 0 ] # 0 # 0 - 
66) [ 6 2 3 23 4 11 28 14 0 21 31 19 17 13 7 26 0 12 1 16 30 0 27 24 0 20 5 25 10 15 22 9 8 18 29 -1 ] [ 784 -0 ] [ 0 0 ] # 0 # 0 - 
67) [ 6 3 2 23 4 11 28 14 0 26 7 13 17 19 31 21 0 12 1 16 30 0 24 27 0 20 5 25 10 15 22 9 8 18 29 -1 ] [ 784 -0 ] [ 0 0 ] # 0 # 0 - 
68) [ 6 2 3 23 4 11 28 14 0 21 31 19 17 13 7 26 0 12 1 16 30 0 24 27 0 20 5 25 10 15 22 9 8 18 29 -1 ] [ 784 -0 ] [ 0 0 ] # 0 # 0 - 
69) [ 6 3 2 23 4 11 28 14 0 21 31 19 17 13 7 26 0 12 1 16 30 0 24 27 0 20 5 25 10 15 22 9 8 18 29 -1 ] [ 784 -0 ] [ 0 0 ] # 0 # 0 - 
70) [ 6 2 3 23 4 11 28 14 0 21 31 19 17 13 7 26 0 12 1 16 30 0 27 24 0 20 5 25 10 15 22 9 8 18 29 -1 ] [ 784 -0 ] [ 0 0 ] # 0 # 0 - 
71) [ 6 3 2 23 4 11 28 14 0 21 31 19 17 13 7 26 0 12 1 16 30 0 24 27 0 20 5 25 10 15 22 9 8 18 29 -1 ] [ 784 -0 ] [ 0 0 ] # 0 # 0 - 
72) [ 6 3 2 23 4 11 28 14 0 21 31 19 17 13 7 26 0 12 1 16 30 0 24 27 0 20 5 25 10 15 22 9 8 18 29 -1 ] [ 784 -0 ] [ 0 0 ] # 0 # 0 - 
73) [ 6 2 3 23 4 11 28 14 0 21 31 19 17 13 7 26 0 30 16 1 12 0 24 27 0 20 5 25 10 15 22 9 8 18 29 -1 ] [ 784 -0 ] [ 0 0 ] # 0 # 0 - 
74) [ 14 28 11 4 23 3 2 6 0 21 31 19 17 13 7 26 0 12 1 16 30 0 24 27 0 20 5 25 10 15 22 9 8 18 29 -1 ] [ 784 -0 ] [ 0 0 ] # 0 # 0 - 
75) [ 6 2 3 23 4 11 28 14 0 21 31 19 17 13 7 26 0 12 1 16 30 0 24 27 0 20 5 25 10 15 22 9 8 18 29 -1 ] [ 784 -0 ] [ 0 0 ] # 0 # 0 - 
76) [ 6 3 2 23 4 11 28 14 0 21 31 19 17 13 7 26 0 12 1 16 30 0 24 27 0 20 5 25 10 15 22 9 8 18 29 -1 ] [ 784 -0 ] [ 0 0 ] # 0 # 0 - 
77) [ 6 2 3 23 4 11 28 14 0 21 31 19 17 13 7 26 0 12 1 16 30 0 24 27 0 20 5 25 10 15 22 9 8 18 29 -1 ] [ 784 -0 ] [ 0 0 ] # 0 # 0 - 
78) [ 6 3 2 23 4 11 28 14 0 21 31 19 17 13 7 26 0 12 1 16 30 0 24 27 0 20 5 25 10 15 22 9 8 18 29 -1 ] [ 784 -0 ] [ 0 0 ] # 0 # 0 - 
79) [ 6 3 2 23 4 11 28 14 0 21 31 19 17 13 7 26 0 12 1 16 30 0 27 24 0 20 5 25 10 15 22 9 8 18 29 -1 ] [ 784 -0 ] [ 0 0 ] # 0 # 0 - 
80) [ 6 3 2 23 4 11 28 14 0 21 31 19 17 13 7 26 0 12 1 16 30 0 24 27 0 20 5 25 10 15 22 9 8 18 29 -1 ] [ 784 -0 ] [ 0 0 ] # 0 # 0 - 
81) [ 14 28 11 4 23 3 2 6 0 21 31 19 17 13 7 26 0 12 1 16 30 0 24 27 0 20 5 25 10 15 22 9 8 18 29 -1 ] [ 784 -0 ] [ 0 0 ] # 0 # 0 - 
82) [ 6 2 3 23 4 11 28 14 0 26 7 13 17 19 31 21 0 12 1 16 30 0 24 27 0 20 5 25 10 15 22 9 8 18 29 -1 ] [ 784 -0 ] [ 0 0 ] # 0 # 0 - 
83) [ 6 2 3 23 4 11 28 14 0 21 31 19 17 13 7 26 0 12 1 16 30 0 27 24 0 20 5 25 10 15 22 9 8 18 29 -1 ] [ 784 -0 ] [ 0 0 ] # 0 # 0 - 
84) [ 6 3 2 23 4 11 28 14 0 26 7 13 17 19 31 21 0 12 1 16 30 0 24 27 0 20 5 25 10 15 22 9 8 18 29 -1 ] [ 784 -0 ] [ 0 0 ] # 0 # 0 - 
85) [ 14 28 11 4 23 3 2 6 0 21 31 19 17 13 7 26 0 30 16 1 12 0 24 27 0 20 5 25 10 15 22 9 8 18 29 -1 ] [ 784 -0 ] [ 0 0 ] # 0 # 0 - 
86) [ 14 28 11 4 23 3 2 6 0 21 31 19 17 13 7 26 0 12 1 16 30 0 24 27 0 29 18 8 9 22 15 10 25 5 20 -1 ] [ 784 -0 ] [ 0 0 ] # 0 # 0 - 
87) [ 14 28 11 4 23 3 2 6 0 21 31 19 17 13 7 26 0 12 1 16 30 0 27 24 0 20 5 25 10 15 22 9 8 18 29 -1 ] [ 784 -0 ] [ 0 0 ] # 0 # 0 - 
88) [ 14 28 11 4 23 3 2 6 0 21 31 19 17 13 7 26 0 12 1 16 30 0 24 27 0 20 5 25 10 15 22 9 8 18 29 -1 ] [ 784 -0 ] [ 0 0 ] # 0 # 0 - 
89) [ 14 28 11 4 23 3 2 6 0 21 31 19 17 13 7 26 0 12 1 16 30 0 27 24 0 20 5 25 10 15 22 9 8 18 29 -1 ] [ 784 -0 ] [ 0 0 ] # 0 # 0 - 
90) [ 14 28 11 4 23 3 2 6 0 21 31 19 17 13 7 26 0 12 1 16 30 0 27 24 0 20 5 25 10 15 22 9 8 18 29 -1 ] [ 784 -0 ] [ 0 0 ] # 0 # 0 - 
91) [ 6 2 3 23 4 11 28 14 0 21 31 19 17 13 7 26 0 12 1 16 30 0 24 27 0 20 5 25 10 15 22 9 8 18 29 -1 ] [ 784 -0 ] [ 0 0 ] # 0 # 0 - 
92) [ 14 28 11 4 23 3 2 6 0 21 31 19 17 13 7 26 0 12 1 16 30 0 24 27 0 20 5 25 10 15 22 9 8 18 29 -1 ] [ 784 -0 ] [ 0 0 ] # 0 # 0 - 
93) [ 14 28 11 4 23 3 2 6 0 21 31 19 17 13 7 26 0 12 1 16 30 0 24 27 0 20 5 25 10 15 22 9 8 18 29 -1 ] [ 784 -0 ] [ 0 0 ] # 0 # 0 - 
94) [ 14 28 11 4 23 3 2 6 0 21 31 19 17 13 7 26 0 30 16 1 12 0 24 27 0 20 5 25 10 15 22 9 8 18 29 -1 ] [ 784 -0 ] [ 0 0 ] # 0 # 0 - 
95) [ 6 2 3 23 4 11 28 14 0 21 31 19 17 13 7 26 0 12 1 16 30 0 27 24 0 20 5 25 10 15 22 9 8 18 29 -1 ] [ 784 -0 ] [ 0 0 ] # 0 # 0 - 
96) [ 14 28 11 4 23 3 2 6 0 21 31 19 17 13 7 26 0 12 1 16 30 0 24 27 0 20 5 25 10 15 22 9 8 18 29 -1 ] [ 784 -0 ] [ 0 0 ] # 0 # 0 - 
97) [ 14 28 11 4 23 3 2 6 0 21 31 19 17 13 7 26 0 30 16 1 12 0 24 27 0 20 5 25 10 15 22 9 8 18 29 -1 ] [ 784 -0 ] [ 0 0 ] # 0 # 0 - 
98) [ 6 3 2 23 4 11 28 14 0 21 31 19 17 13 7 26 0 30 16 1 12 0 27 24 0 20 5 25 10 15 22 9 8 18 29 -1 ] [ 784 -0 ] [ 0 0 ] # 0 # 0 - 
99) [ 14 28 11 4 23 3 2 6 0 21 31 19 17 13 7 26 0 12 1 16 30 0 27 24 0 20 5 25 10 15 22 9 8 18 29 -1 ] [ 784 -0 ] [ 0 0 ] # 0 # 0 - 
100) [ 6 2 3 23 4 11 28 14 0 21 31 19 17 13 7 26 0 12 1 16 30 0 27 24 0 29 18 8 9 22 15 10 25 5 20 -1 ] [ 784 -0 ] [ 0 0 ] # 0 # 0 - 
101) [ 6 2 3 23 4 11 28 14 0 21 31 19 17 13 7 26 0 12 1 16 30 0 24 27 0 20 5 25 10 15 22 9 8 18 29 -1 ] [ 784 -0 ] [ 0 0 ] # 0 # 0 - 
102) [ 14 28 11 4 23 3 2 6 0 21 31 19 17 13 7 26 0 12 1 16 30 0 24 27 0 20 5 25 10 15 22 9 8 18 29 -1 ] [ 784 -0 ] [ 0 0 ] # 0 # 0 - 
103) [ 6 2 3 23 4 11 28 14 0 21 31 19 17 13 7 26 0 30 16 1 12 0 27 24 0 20 5 25 10 15 22 9 8 18 29 -1 ] [ 784 -0 ] [ 0 0 ] # 0 # 0 - 
104) [ 6 3 2 23 4 11 28 14 0 21 31 19 17 13 7 26 0 12 1 16 30 0 27 24 0 20 5 25 10 15 22 9 8 18 29 -1 ] [ 784 -0 ] [ 0 0 ] # 0 # 0 - 
105) [ 6 3 2 23 4 11 28 14 0 21 31 19 17 13 7 26 0 30 16 1 12 0 24 27 0 20 5 25 10 15 22 9 8 18 29 -1 ] [ 784 -0 ] [ 0 0 ] # 0 # 0 - 
106) [ 14 28 11 4 23 3 2 6 0 21 31 19 17 13 7 26 0 30 16 1 12 0 24 27 0 20 5 25 10 15 22 9 8 18 29 -1 ] [ 784 -0 ] [ 0 0 ] # 0 # 0 - 
107) [ 6 2 3 23 4 11 28 14 0 21 31 19 17 13 7 26 0 12 1 16 30 0 27 24 0 20 5 25 10 15 22 9 8 18 29 -1 ] [ 784 -0 ] [ 0 0 ] # 0 # 0 - 
108) [ 6 3 2 23 4 11 28 14 0 21 31 19 17 13 7 26 0 12 1 16 30 0 24 27 0 20 5 25 10 15 22 9 8 18 29 -1 ] [ 784 -0 ] [ 0 0 ] # 0 # 0 - 
109) [ 14 28 11 4 23 3 2 6 0 21 31 19 17 13 7 26 0 12 1 16 30 0 24 27 0 20 5 25 10 15 22 9 8 18 29 -1 ] [ 784 -0 ] [ 0 0 ] # 0 # 0 - 
110) [ 6 3 2 23 4 11 28 14 0 21 31 19 17 13 7 26 0 12 1 16 30 0 24 27 0 20 5 25 10 15 22 9 8 18 29 -1 ] [ 784 -0 ] [ 0 0 ] # 0 # 0 - 
111) [ 14 28 11 4 23 3 2 6 0 21 31 19 17 13 7 26 0 12 1 16 30 0 24 27 0 20 5 25 10 15 22 9 8 18 29 -1 ] [ 784 -0 ] [ 0 0 ] # 0 # 0 - 
112) [ 6 3 2 23 4 11 28 14 0 21 31 19 17 13 7 26 0 12 1 16 30 0 27 24 0 20 5 25 10 15 22 9 8 18 29 -1 ] [ 784 -0 ] [ 0 0 ] # 0 # 0 - 
113) [ 6 2 3 23 4 11 28 14 0 21 31 19 17 13 7 26 0 30 16 1 12 0 24 27 0 20 5 25 10 15 22 9 8 18 29 -1 ] [ 784 -0 ] [ 0 0 ] # 0 # 0 - 
114) [ 6 2 3 23 4 11 28 14 0 21 31 19 17 13 7 26 0 12 1 16 30 0 24 27 0 20 5 25 10 15 22 9 8 18 29 -1 ] [ 784 -0 ] [ 0 0 ] # 0 # 0 - 
115) [ 6 3 2 23 4 11 28 14 0 21 31 19 17 13 7 26 0 30 16 1 12 0 24 27 0 20 5 25 10 15 22 9 8 18 29 -1 ] [ 784 -0 ] [ 0 0 ] # 0 # 0 - 
116) [ 6 3 2 23 4 11 28 14 0 21 31 19 17 13 7 26 0 12 1 16 30 0 27 24 0 20 5 25 10 15 22 9 8 18 29 -1 ] [ 784 -0 ] [ 0 0 ] # 0 # 0 - 
117) [ 14 28 11 4 23 3 2 6 0 21 31 19 17 13 7 26 0 12 1 16 30 0 27 24 0 20 5 25 10 15 22 9 8 18 29 -1 ] [ 784 -0 ] [ 0 0 ] # 0 # 0 - 
118) [ 6 2 3 23 4 11 28 14 0 21 31 19 17 13 7 26 0 12 1 16 30 0 27 24 0 29 18 8 9 22 15 10 25 5 20 -1 ] [ 784 -0 ] [ 0 0 ] # 0 # 0 - 
119) [ 14 28 11 4 23 3 2 6 0 21 31 19 17 13 7 26 0 12 1 16 30 0 24 27 0 29 18 8 9 22 15 10 25 5 20 -1 ] [ 784 -0 ] [ 0 0 ] # 0 # 0 - 
120) [ 14 28 11 4 23 3 2 6 0 21 31 19 17 13 7 26 0 12 1 16 30 0 24 27 0 20 5 25 10 15 22 9 8 18 29 -1 ] [ 784 -0 ] [ 0 0 ] # 0 # 0 - 
121) [ 6 3 2 23 4 11 28 14 0 21 31 19 17 13 7 26 0 12 1 16 30 0 27 24 0 20 5 25 10 15 22 9 8 18 29 -1 ] [ 784 -0 ] [ 0 0 ] # 0 # 0 - 
122) [ 14 28 11 4 23 3 2 6 0 21 31 19 17 13 7 26 0 12 1 16 30 0 27 24 0 20 5 25 10 15 22 9 8 18 29 -1 ] [ 784 -0 ] [ 0 0 ] # 0 # 0 - 
123) [ 6 3 2 23 4 11 28 14 0 21 31 19 17 13 7 26 0 30 16 1 12 0 27 24 0 29 18 8 9 22 15 10 25 5 20 -1 ] [ 784 -0 ] [ 0 0 ] # 0 # 0 - 
124) [ 6 2 3 23 4 11 28 14 0 21 31 19 17 13 7 26 0 12 1 16 30 0 27 24 0 20 5 25 10 15 22 9 8 18 29 -1 ] [ 784 -0 ] [ 0 0 ] # 0 # 0 - 
125) [ 14 28 11 4 23 3 2 6 0 21 31 19 17 13 7 26 0 12 1 16 30 0 27 24 0 20 5 25 10 15 22 9 8 18 29 -1 ] [ 784 -0 ] [ 0 0 ] # 0 # 0 - 
126) [ 6 2 3 23 4 11 28 14 0 21 31 19 17 13 7 26 0 12 1 16 30 0 24 27 0 20 5 25 10 15 22 9 8 18 29 -1 ] [ 784 -0 ] [ 0 0 ] # 0 # 0 - 
127) [ 6 2 3 23 4 11 28 14 0 21 31 19 17 13 7 26 0 12 1 16 30 0 24 27 0 20 5 25 10 15 22 9 8 18 29 -1 ] [ 784 -0 ] [ 0 0 ] # 0 # 0 - 
128) [ 14 28 11 4 23 3 2 6 0 21 31 19 17 13 7 26 0 12 1 16 30 0 27 24 0 29 18 8 9 22 15 10 25 5 20 -1 ] [ 784 -0 ] [ 0 0 ] # 0 # 0 - 
129) [ 6 2 3 23 4 11 28 14 0 21 31 19 17 13 7 26 0 12 1 16 30 0 27 24 0 20 5 25 10 15 22 9 8 18 29 -1 ] [ 784 -0 ] [ 0 0 ] # 0 # 0 - 
130) [ 14 28 11 4 23 3 2 6 0 21 31 19 17 13 7 26 0 12 1 16 30 0 24 27 0 20 5 25 10 15 22 9 8 18 29 -1 ] [ 784 -0 ] [ 0 0 ] # 0 # 0 - 
131) [ 14 28 11 4 23 3 2 6 0 21 31 19 17 13 7 26 0 12 1 16 30 0 27 24 0 20 5 25 10 15 22 9 8 18 29 -1 ] [ 784 -0 ] [ 0 0 ] # 0 # 0 - 
132) [ 6 3 2 23 4 11 28 14 0 21 31 19 17 13 7 26 0 12 1 16 30 0 27 24 0 20 5 25 10 15 22 9 8 18 29 -1 ] [ 784 -0 ] [ 0 0 ] # 0 # 0 - 
133) [ 6 3 2 23 4 11 28 14 0 21 31 19 17 13 7 26 0 12 1 16 30 0 24 27 0 20 5 25 10 15 22 9 8 18 29 -1 ] [ 784 -0 ] [ 0 0 ] # 0 # 0 - 
134) [ 6 3 2 23 4 11 28 14 0 21 31 19 17 13 7 26 0 12 1 16 30 0 27 24 0 20 5 25 10 15 22 9 8 18 29 -1 ] [ 784 -0 ] [ 0 0 ] # 0 # 0 - 
135) [ 6 2 3 23 4 11 28 14 0 21 31 19 17 13 7 26 0 30 16 1 12 0 24 27 0 20 5 25 10 15 22 9 8 18 29 -1 ] [ 784 -0 ] [ 0 0 ] # 0 # 0 - 
136) [ 14 28 11 4 23 3 2 6 0 21 31 19 17 13 7 26 0 12 1 16 30 0 24 27 0 20 5 25 10 15 22 9 8 18 29 -1 ] [ 784 -0 ] [ 0 0 ] # 0 # 0 - 
137) [ 6 2 3 23 4 11 28 14 0 21 31 19 17 13 7 26 0 30 16 1 12 0 24 27 0 20 5 25 10 15 22 9 8 18 29 -1 ] [ 784 -0 ] [ 0 0 ] # 0 # 0 - 
138) [ 6 3 2 23 4 11 28 14 0 21 31 19 17 13 7 26 0 12 1 16 30 0 27 24 0 20 5 25 10 15 22 9 8 18 29 -1 ] [ 784 -0 ] [ 0 0 ] # 0 # 0 - 
139) [ 6 3 2 23 4 11 28 14 0 21 31 19 17 13 7 26 0 30 16 1 12 0 24 27 0 20 5 25 10 15 22 9 8 18 29 -1 ] [ 784 -0 ] [ 0 0 ] # 0 # 0 - 
140) [ 6 3 2 23 4 11 28 14 0 21 31 19 17 13 7 26 0 12 1 16 30 0 27 24 0 20 5 25 10 15 22 9 8 18 29 -1 ] [ 784 -0 ] [ 0 0 ] # 0 # 0 - 
141) [ 6 3 2 23 4 11 28 14 0 21 31 19 17 13 7 26 0 12 1 16 30 0 24 27 0 20 5 25 10 15 22 9 8 18 29 -1 ] [ 784 -0 ] [ 0 0 ] # 0 # 0 - 
142) [ 6 3 2 23 4 11 28 14 0 21 31 19 17 13 7 26 0 12 1 16 30 0 24 27 0 20 5 25 10 15 22 9 8 18 29 -1 ] [ 784 -0 ] [ 0 0 ] # 0 # 0 - 
143) [ 14 28 11 4 23 2 3 6 0 21 31 19 17 13 7 26 0 12 1 16 30 0 24 27 0 20 5 25 10 15 22 9 8 18 29 -1 ] [ 784 -0 ] [ 0 0 ] # 0 # 0 - 
144) [ 6 2 3 23 4 11 28 14 0 21 31 19 17 13 7 26 0 12 1 16 30 0 24 27 0 20 5 25 10 15 22 9 8 18 29 -1 ] [ 784 -0 ] [ 0 0 ] # 0 # 0 - 
145) [ 6 3 2 23 4 11 28 14 0 21 31 19 17 13 7 26 0 12 1 16 30 0 24 27 0 29 18 8 9 22 15 10 25 5 20 -1 ] [ 784 -0 ] [ 0 0 ] # 0 # 0 - 
146) [ 14 28 11 4 23 3 2 6 0 21 31 19 17 13 7 26 0 12 1 16 30 0 24 27 0 20 5 25 10 15 22 9 8 18 29 -1 ] [ 784 -0 ] [ 0 0 ] # 0 # 0 - 
147) [ 6 2 3 23 4 11 28 14 0 21 31 19 17 13 7 26 0 12 1 16 30 0 27 24 0 29 18 8 9 22 15 10 25 5 20 -1 ] [ 784 -0 ] [ 0 0 ] # 0 # 0 - 
148) [ 14 28 11 4 23 3 2 6 0 21 31 19 17 13 7 26 0 12 1 16 30 0 27 24 0 20 5 25 10 15 22 9 8 18 29 -1 ] [ 784 -0 ] [ 0 0 ] # 0 # 0 - 
149) [ 6 3 2 23 4 11 28 14 0 21 31 19 17 13 7 26 0 12 1 16 30 0 24 27 0 20 5 25 10 15 22 9 8 18 29 -1 ] [ 784 -0 ] [ 0 0 ] # 0 # 0 - 
150) [ 6 2 3 23 4 11 28 14 0 21 31 19 17 13 7 26 0 12 1 16 30 0 24 27 0 29 18 8 9 22 15 10 25 5 20 -1 ] [ 784 -0 ] [ 0 0 ] # 0 # 0 - 
151) [ 14 28 11 4 23 3 2 6 0 21 31 19 17 13 7 26 0 30 16 1 12 0 27 24 0 20 5 25 10 15 22 9 8 18 29 -1 ] [ 784 -0 ] [ 0 0 ] # 0 # 0 - 
152) [ 6 3 2 23 4 11 28 14 0 21 31 19 17 13 7 26 0 12 1 16 30 0 24 27 0 20 5 25 10 15 22 9 8 18 29 -1 ] [ 784 -0 ] [ 0 0 ] # 0 # 0 - 
153) [ 6 3 2 23 4 11 28 14 0 21 31 19 17 13 7 26 0 30 16 1 12 0 27 24 0 20 5 25 10 15 22 9 8 18 29 -1 ] [ 784 -0 ] [ 0 0 ] # 0 # 0 - 
154) [ 6 2 3 23 4 11 28 14 0 21 31 19 17 13 7 26 0 12 1 16 30 0 27 24 0 20 5 25 10 15 22 9 8 18 29 -1 ] [ 784 -0 ] [ 0 0 ] # 0 # 0 - 
155) [ 6 2 3 23 4 11 28 14 0 21 31 19 17 13 7 26 0 12 1 16 30 0 27 24 0 20 5 25 10 15 22 9 8 18 29 -1 ] [ 784 -0 ] [ 0 0 ] # 0 # 0 - 
156) [ 6 2 3 23 4 11 28 14 0 21 31 19 17 13 7 26 0 12 1 16 30 0 24 27 0 20 5 25 10 15 22 9 8 18 29 -1 ] [ 784 -0 ] [ 0 0 ] # 0 # 0 - 
157) [ 14 28 11 4 23 3 2 6 0 21 31 19 17 13 7 26 0 30 16 1 12 0 24 27 0 20 5 25 10 15 22 9 8 18 29 -1 ] [ 784 -0 ] [ 0 0 ] # 0 # 0 - 
158) [ 6 2 3 23 4 11 28 14 0 21 31 19 17 13 7 26 0 30 16 1 12 0 24 27 0 20 5 25 10 15 22 9 8 18 29 -1 ] [ 784 -0 ] [ 0 0 ] # 0 # 0 - 
159) [ 6 3 2 23 4 11 28 14 0 21 31 19 17 13 7 26 0 12 1 16 30 0 24 27 0 20 5 25 10 15 22 9 8 18 29 -1 ] [ 784 -0 ] [ 0 0 ] # 0 # 0 - 
160) [ 6 2 3 23 4 11 28 14 0 21 31 19 17 13 7 26 0 12 1 16 30 0 27 24 0 20 5 25 10 15 22 9 8 18 29 -1 ] [ 784 -0 ] [ 0 0 ] # 0 # 0 - 
161) [ 6 3 2 23 4 11 28 14 0 21 31 19 17 13 7 26 0 30 16 1 12 0 24 27 0 20 5 25 10 15 22 9 8 18 29 -1 ] [ 784 -0 ] [ 0 0 ] # 0 # 0 - 
162) [ 14 28 11 4 23 3 2 6 0 21 31 19 17 13 7 26 0 12 1 16 30 0 24 27 0 20 5 25 10 15 22 9 8 18 29 -1 ] [ 784 -0 ] [ 0 0 ] # 0 # 0 - 
163) [ 6 3 2 23 4 11 28 14 0 21 31 19 17 13 7 26 0 30 16 1 12 0 24 27 0 29 18 8 9 22 15 10 25 5 20 -1 ] [ 784 -0 ] [ 0 0 ] # 0 # 0 - 
164) [ 6 2 3 23 4 11 28 14 0 21 31 19 17 13 7 26 0 30 16 1 12 0 24 27 0 20 5 25 10 15 22 9 8 18 29 -1 ] [ 784 -0 ] [ 0 0 ] # 0 # 0 - 
165) [ 14 28 11 4 23 3 2 6 0 21 31 19 17 13 7 26 0 12 1 16 30 0 24 27 0 20 5 25 10 15 22 9 8 18 29 -1 ] [ 784 -0 ] [ 0 0 ] # 0 # 0 - 
166) [ 14 28 11 4 23 3 2 6 0 21 31 19 17 13 7 26 0 12 1 16 30 0 24 27 0 20 5 25 10 15 22 9 8 18 29 -1 ] [ 784 -0 ] [ 0 0 ] # 0 # 0 - 
167) [ 14 28 11 4 23 3 2 6 0 21 31 19 17 13 7 26 0 12 1 16 30 0 24 27 0 29 18 8 9 22 15 10 25 5 20 -1 ] [ 784 -0 ] [ 0 0 ] # 0 # 0 - 
168) [ 6 2 3 23 4 11 28 14 0 21 31 19 17 13 7 26 0 12 1 16 30 0 24 27 0 20 5 25 10 15 22 9 8 18 29 -1 ] [ 784 -0 ] [ 0 0 ] # 0 # 0 - 
169) [ 14 28 11 4 23 3 2 6 0 21 31 19 17 13 7 26 0 12 1 16 30 0 24 27 0 20 5 25 10 15 22 9 8 18 29 -1 ] [ 784 -0 ] [ 0 0 ] # 0 # 0 - 
170) [ 6 2 3 23 4 11 28 14 0 21 31 19 17 13 7 26 0 12 1 16 30 0 24 27 0 20 5 25 10 15 22 9 8 18 29 -1 ] [ 784 -0 ] [ 0 0 ] # 0 # 0 - 
171) [ 6 3 2 23 4 11 28 14 0 21 31 19 17 13 7 26 0 12 1 16 30 0 24 27 0 20 5 25 10 15 22 9 8 18 29 -1 ] [ 784 -0 ] [ 0 0 ] # 0 # 0 - 
172) [ 6 2 3 23 4 11 28 14 0 21 31 19 17 13 7 26 0 12 1 16 30 0 24 27 0 20 5 25 10 15 22 9 8 18 29 -1 ] [ 784 -0 ] [ 0 0 ] # 0 # 0 - 
173) [ 14 28 11 4 23 3 2 6 0 21 31 19 17 13 7 26 0 30 16 1 12 0 24 27 0 20 5 25 10 15 22 9 8 18 29 -1 ] [ 784 -0 ] [ 0 0 ] # 0 # 0 - 
174) [ 6 3 2 23 4 11 28 14 0 21 31 19 17 13 7 26 0 30 16 1 12 0 27 24 0 20 5 25 10 15 22 9 8 18 29 -1 ] [ 784 -0 ] [ 0 0 ] # 0 # 0 - 
175) [ 14 28 11 4 23 3 2 6 0 21 31 19 17 13 7 26 0 12 1 16 30 0 27 24 0 20 5 25 10 15 22 9 8 18 29 -1 ] [ 784 -0 ] [ 0 0 ] # 0 # 0 - 
176) [ 6 2 3 23 4 11 28 14 0 21 31 19 17 13 7 26 0 12 1 16 30 0 27 24 0 20 5 25 10 15 22 9 8 18 29 -1 ] [ 784 -0 ] [ 0 0 ] # 0 # 0 - 
177) [ 14 28 11 4 23 3 2 6 0 21 31 19 17 13 7 26 0 12 1 16 30 0 27 24 0 20 5 25 10 15 22 9 8 18 29 -1 ] [ 784 -0 ] [ 0 0 ] # 0 # 0 - 
178) [ 6 3 2 23 4 11 28 14 0 21 31 19 17 13 7 26 0 12 1 16 30 0 24 27 0 20 5 25 10 15 22 9 8 18 29 -1 ] [ 784 -0 ] [ 0 0 ] # 0 # 0 - 
179) [ 6 3 2 23 4 11 28 14 0 21 31 19 17 13 7 26 0 12 1 16 30 0 27 24 0 29 18 8 9 22 15 10 25 5 20 -1 ] [ 784 -0 ] [ 0 0 ] # 0 # 0 - 
180) [ 6 2 3 23 4 11 28 14 0 21 31 19 17 13 7 26 0 12 1 16 30 0 27 24 0 20 5 25 10 15 22 9 8 18 29 -1 ] [ 784 -0 ] [ 0 0 ] # 0 # 0 - 
181) [ 6 3 2 23 4 11 28 14 0 21 31 19 17 13 7 26 0 12 1 16 30 0 24 27 0 20 5 25 10 15 22 9 8 18 29 -1 ] [ 784 -0 ] [ 0 0 ] # 0 # 0 - 
182) [ 6 3 2 23 4 11 28 14 0 21 31 19 17 13 7 26 0 12 1 16 30 0 24 27 0 20 5 25 10 15 22 9 8 18 29 -1 ] [ 784 -0 ] [ 0 0 ] # 0 # 0 - 
183) [ 6 3 2 23 4 11 28 14 0 21 31 19 17 13 7 26 0 12 1 16 30 0 27 24 0 20 5 25 10 15 22 9 8 18 29 -1 ] [ 784 -0 ] [ 0 0 ] # 0 # 0 - 
184) [ 6 2 3 23 4 11 28 14 0 21 31 19 17 13 7 26 0 12 1 16 30 0 24 27 0 20 5 25 10 15 22 9 8 18 29 -1 ] [ 784 -0 ] [ 0 0 ] # 0 # 0 - 
185) [ 6 2 3 23 4 11 28 14 0 21 31 19 17 13 7 26 0 12 1 16 30 0 24 27 0 20 5 25 10 15 22 9 8 18 29 -1 ] [ 784 -0 ] [ 0 0 ] # 0 # 0 - 
186) [ 14 28 11 4 23 3 2 6 0 21 31 19 17 13 7 26 0 12 1 16 30 0 27 24 0 20 5 25 10 15 22 9 8 18 29 -1 ] [ 784 -0 ] [ 0 0 ] # 0 # 0 - 
187) [ 14 28 11 4 23 3 2 6 0 21 31 19 17 13 7 26 0 12 1 16 30 0 24 27 0 20 5 25 10 15 22 9 8 18 29 -1 ] [ 784 -0 ] [ 0 0 ] # 0 # 0 - 
188) [ 6 3 2 23 4 11 28 14 0 21 31 19 17 13 7 26 0 12 1 16 30 0 24 27 0 20 5 25 10 15 22 9 8 18 29 -1 ] [ 784 -0 ] [ 0 0 ] # 0 # 0 - 
189) [ 6 3 2 23 4 11 28 14 0 21 31 19 17 13 7 26 0 12 1 16 30 0 24 27 0 20 5 25 10 15 22 9 8 18 29 -1 ] [ 784 -0 ] [ 0 0 ] # 0 # 0 - 
190) [ 6 2 3 23 4 11 28 14 0 21 31 19 17 13 7 26 0 12 1 16 30 0 24 27 0 20 5 25 10 15 22 9 8 18 29 -1 ] [ 784 -0 ] [ 0 0 ] # 0 # 0 - 
191) [ 6 2 3 23 4 11 28 14 0 21 31 19 17 13 7 26 0 30 16 1 12 0 24 27 0 20 5 25 10 15 22 9 8 18 29 -1 ] [ 784 -0 ] [ 0 0 ] # 0 # 0 - 
192) [ 6 3 2 23 4 11 28 14 0 21 31 19 17 13 7 26 0 12 1 16 30 0 24 27 0 20 5 25 10 15 22 9 8 18 29 -1 ] [ 784 -0 ] [ 0 0 ] # 0 # 0 - 
193) [ 14 28 11 4 23 3 2 6 0 21 31 19 17 13 7 26 0 12 1 16 30 0 27 24 0 20 5 25 10 15 22 9 8 18 29 -1 ] [ 784 -0 ] [ 0 0 ] # 0 # 0 - 
194) [ 6 2 3 23 4 11 28 14 0 21 31 19 17 13 7 26 0 12 1 16 30 0 27 24 0 20 5 25 10 15 22 9 8 18 29 -1 ] [ 784 -0 ] [ 0 0 ] # 0 # 0 - 
195) [ 14 28 11 4 23 3 2 6 0 21 31 19 17 13 7 26 0 12 1 16 30 0 27 24 0 20 5 25 10 15 22 9 8 18 29 -1 ] [ 784 -0 ] [ 0 0 ] # 0 # 0 - 
196) [ 14 28 11 4 23 2 3 6 0 21 31 19 17 13 7 26 0 12 1 16 30 0 24 27 0 20 5 25 10 15 22 9 8 18 29 -1 ] [ 784 -0 ] [ 0 0 ] # 0 # 0 - 
197) [ 14 28 11 4 23 3 2 6 0 21 31 19 17 13 7 26 0 12 1 16 30 0 27 24 0 20 5 25 10 15 22 9 8 18 29 -1 ] [ 784 -0 ] [ 0 0 ] # 0 # 0 - 
198) [ 6 3 2 23 4 11 28 14 0 21 31 19 17 13 7 26 0 12 1 16 30 0 24 27 0 20 5 25 10 15 22 9 8 18 29 -1 ] [ 784 -0 ] [ 0 0 ] # 0 # 0 - 
199) [ 6 3 2 23 4 11 28 14 0 21 31 19 17 13 7 26 0 12 1 16 30 0 24 27 0 20 5 25 10 15 22 9 8 18 29 -1 ] [ 784 -0 ] [ 0 0 ] # 0 # 0 - 
200) [ 6 3 2 23 4 11 28 14 0 21 31 19 17 13 7 26 0 12 1 16 30 0 24 27 0 20 5 25 10 15 22 9 8 18 29 -1 ] [ 784 -0 ] [ 0 0 ] # 0 # 0 - 