20
1) [ 26 10 0 7 0 18 9 0 22 0 17 4 2 19 21 3 13 28 16 11 15 25 12 29 31 14 8 24 23 6 20 27 30 5 1 -1 ] [ 2102 526 ] [ 0 0 ] # -526 # 2 - 
2) [ 4 0 31 24 12 0 14 25 0 21 0 3 29 20 30 11 27 9 23 16 28 19 10 2 1 13 7 8 5 22 17 18 6 15 26 -1 ] [ 2300 396 ] [ 0 0 ] # -396 # 2 - 
3) [ 30 0 9 21 24 25 16 2 0 4 0 28 0 22 18 23 27 3 19 15 1 7 12 14 13 8 17 26 10 6 11 20 31 5 29 -1 ] [ 2364 309 ] [ 0 0 ] # -309 # 3 - 
4) [ 16 5 0 2 3 0 29 0 4 0 6 24 17 11 27 8 30 20 23 15 13 12 9 1 19 21 10 26 14 22 28 18 25 31 7 -1 ] [ 2247 474 ] [ 0 0 ] # -474 # 2 - 
5) [ 19 6 0 5 20 25 0 9 0 14 0 22 24 13 18 16 12 27 2 11 23 28 21 3 17 1 10 4 26 31 7 30 8 15 29 -1 ] [ 1919 432 ] [ 0 0 ] # -432 # 2 - 
6) [ 25 0 12 8 0 16 0 20 0 13 27 7 17 18 4 14 5 19 23 22 11 29 24 15 1 6 31 21 30 26 2 28 10 9 3 -1 ] [ 1864 466 ] [ 0 0 ] # -466 # 2 - 
7) [ 9 0 2 0 15 13 26 0 29 0 11 5 27 10 3 25 16 28 1 22 24 7 19 23 8 20 30 4 17 6 14 12 21 18 31 -1 ] [ 2365 462 ] [ 0 0 ] # -462 # 2 - 
8) [ 17 0 10 0 21 22 0 31 0 25 8 18 11 30 12 1 28 14 15 29 27 2 13 23 7 6 16 9 19 3 4 24 26 5 20 -1 ] [ 1995 516 ] [ 0 0 ] # -516 # 2 - 
9) [ 31 6 13 22 0 2 14 0 30 0 24 28 0 26 15 5 11 19 9 18 3 23 27 12 29 25 10 16 17 21 7 20 1 8 4 -1 ] [ 1886 384 ] [ 0 0 ] # -384 # 2 - 
10) [ 18 31 0 20 23 14 0 10 0 15 7 3 1 0 13 16 22 27 26 2 8 25 9 12 30 11 6 5 4 24 28 29 19 17 21 -1 ] [ 2157 420 ] [ 0 0 ] # -420 # 2 - 
11) [ 5 9 0 2 29 0 7 24 31 0 1 20 0 4 30 13 10 15 6 21 25 19 18 23 14 28 3 12 17 27 8 16 26 11 22 -1 ] [ 2251 376 ] [ 0 0 ] # -376 # 2 - 
12) [ 27 0 2 0 3 8 20 7 0 30 18 6 23 12 0 14 31 19 26 24 4 17 9 28 11 15 22 10 25 29 13 21 5 1 16 -1 ] [ 1702 354 ] [ 0 0 ] # -354 # 2 - 
13) [ 30 0 3 19 0 8 0 17 0 12 11 28 31 15 6 25 9 21 16 13 14 26 20 5 2 4 10 23 22 29 18 1 27 24 7 -1 ] [ 1993 482 ] [ 0 0 ] # -482 # 2 - 
14) [ 13 28 0 18 0 4 0 29 27 7 8 0 21 20 6 9 2 1 31 17 26 25 14 11 5 3 16 12 19 15 22 23 24 10 30 -1 ] [ 2247 430 ] [ 0 0 ] # -430 # 2 - 
15) [ 4 0 12 23 0 10 22 17 0 13 29 0 19 31 6 8 5 24 16 28 11 27 18 25 1 14 30 7 21 26 9 3 2 20 15 -1 ] [ 2077 426 ] [ 0 0 ] # -426 # 2 - 
16) [ 25 23 19 0 17 20 1 0 21 0 29 0 18 30 26 4 16 10 27 22 3 15 31 5 6 14 8 2 7 24 28 12 11 13 9 -1 ] [ 2481 388 ] [ 0 0 ] # -388 # 2 - 
17) [ 5 19 20 18 0 27 15 22 6 0 25 0 16 0 28 30 13 21 23 26 14 17 7 2 29 4 9 10 31 3 12 8 11 24 1 -1 ] [ 2027 340 ] [ 0 0 ] # -340 # 2 - 
18) [ 17 31 0 2 7 15 0 26 0 1 13 0 25 16 30 8 3 28 4 9 10 20 11 6 12 21 14 22 24 27 19 18 29 23 5 -1 ] [ 1872 372 ] [ 0 0 ] # -372 # 2 - 
19) [ 9 0 7 0 20 13 8 3 0 19 0 16 11 28 17 23 26 22 21 18 14 1 31 2 10 27 29 30 6 12 5 15 25 4 24 -1 ] [ 2110 436 ] [ 0 0 ] # -436 # 2 - 
20) [ 17 0 21 0 5 0 22 13 6 0 8 1 19 20 9 18 15 25 29 31 27 14 2 7 23 16 4 11 24 10 28 3 12 30 26 -1 ] [ 1977 480 ] [ 0 0 ] # -480 # 2 - 